643
9698
516
3081
9873
8394
2386
8099
3042
1978
3914
5742
7884
7904
2538
2892
5044
8643
7843
4688
4337
5239
5941
9074
6481
734
4308
2799
2279
1227
8565
1740
530
521
8801
2379
7208
8634
4252
9656
4294
299
3981
7924
7772
2633
4776
8228
4441
8816
2756
2853
2579
6052
2726
393
3729
8725
9768
1416
5601
2915
7534
553
7862
1594
8249
7704
9027
284
6029
5603
4515
2489
9045
1538
2929
9875
2959
4004
5801
439
5861
7305
2449
7180
3574
1341
5912
952
4143
6669
3384
671
3193
685
1619
8389
6927
3337
1723
5167
9623
7131
1492
466
9806
1258
1906
2984
7609
8064
721
3754
7307
8880
6196
6239
4669
7944
5854
6130
6568
5675
4321
8131
1876
4687
3914
8942
6743
6590
199
2276
2536
4862
374
432
4592
8817
6397
8965
5152
1389
9159
7897
717
6718
1260
4681
5054
3251
788
9491
8892
5627
6320
6325
9414
9587
5300
3742
440
2552
6423
5576
726
8035
94
4735
4919
1047
6065
3224
1261
4852
9561
7334
3637
8747
2731
9657
7146
112
2005
6374
9198
9023
157
7174
4848
9903
4768
7404
5329
3925
7820
1754
7873
4784
6100
512
8586
9486
800
454
1241
3365
2216
3801
2083
9138
3642
9307
4506
1023
9733
7743
1464
9923
4196
3585
3324
4382
3678
9625
591
1699
3095
7177
9796
6154
9641
6761
7393
2826
464
6909
2907
4257
8739
6094
1661
3237
5777
7426
479
8896
7858
8485
5554
5743
9318
5360
2052
7642
7740
2271
8217
6315
3157
9149
5709
9960
3044
1916
9236
9490
9506
955
1996
417
3685
4294
8920
8020
6255
5278
2622
6810
7440
3637
4225
6093
3961
3081
2268
8149
1097
2702
899
3115
3586
6001
2680
5591
8654
748
3576
3201
4680
1686
1220
9201
9387
5997
5649
7152
5323
9393
2672
9862
881
3067
2243
89
5367
5109
5067
4753
8547
6934
2936
5148
9013
5695
3232
227
3272
9628
9469
5719
8876
254
7247
3097
6565
6474
3450
8634
7248
2551
7402
2820
6471
9056
5009
1349
463
6609
8996
5155
1769
8867
3284
5737
8411
1958
1014
4991
9038
2432
9437
1881
1106
4422
8667
2677
4713
3176
2498
4604
9208
7158
6351
6728
3205
6836
3292
9621
4068
2689
989
2777
1066
9123
208
7138
6377
498
4766
6189
7264
7605
7203
1093
6576
1546
3936
490
9959
8727
2840
8306
4861
666
6522
1298
1878
3870
4665
5824
4414
7038
8392
9972
5535
6902
4280
2156
85
1166
9978
4955
1417
697
955
4393
51
2468
7198
7920
4889
8342
7265
2665
109
2687
6684
9156
7961
3965
2723
8234
3938
5918
1272
5960
2591
2123
9352
6150
6013
1206
6805
6970
6102
6690
2221
3019
1573
6055
6615
9011
4246
8542
7398
2706
4183
5800
4791
8625
3839
6632
4181
5294
736
8848
164
2302
1086
1482
9188
6110
8532
5564
4518
9333
6737
5111
8549
4470
5493
4885
4203
797
2319
8919
9256
3599
4925
6001
451
8855
4441
2264
501
9683
6003
9513
3020
4053
5041
6387
6334
860
5423
4154
7058
5429
8052
6742
9399
2617
1954
7997
1192
8607
6031
4081
6867
3032
9993
3072
5289
3659
1610
5909
7641
3727
5535
7250
9273
1046
4620
7790
2250
9460
9638
5469
5928
1977
9722
6306
1736
8400
8312
5440
5413
2220
7313
523
7479
9757
3715
6099
8577
7114
7613
4087
6481
7608
8074
9987
7342
8485
3839
7878
6983
9042
8255
1833
240
4245
1769
4308
7226
6420
6643
8131
8038
5433
6512
970
917
9120
560
4041
7586
9902
6174
2387
1184
9359
9379
8579
4856
8594
5928
8860
6824
2535
2580
8495
8470
9156
7145
499
420
4651
5527
7462
5997
2256
9929
9848
8231
5002
1338
1229
1216
7856
6912
5688
6208
5770
3774
4557
3960
7104
2918
6916
362
8942
1910
1481
2283
8462
4532
702
1544
8933
9808
139
3413
1202
3789
219
8140
8158
633
4096
4661
4225
5185
7244
1887
2318
1439
2101
7358
5831
2769
304
9859
8285
1847
6492
755
2069
2798
9213
3156
7185
8258
224
244
7650
2603
5992
8046
6220
8248
6752
8438
2082
262
9086
1683
5426
3639
6177
1296
9817
9483
4365
6613
9981
5506
7855
1249
1996
5767
7146
3444
7596
4378
9125
9203
7919
9249
8152
2253
673
4154
9054
4051
3957
8218
9690
7396
8929
3557
4662
2764
7695
344
6283
6648
6442
381
3380
2967
6097
9557
2552
516
8619
4514
6735
2121
9408
5227
4073
581
9704
9764
4872
6649
6779
6246
264
3876
4632
7293
34
5709
6420
1898
672
9937
6135
5545
9886
8848
88
59
9192
1185
1076
2208
140
499
3259
6091
8981
4816
2246
6347
9213
9031
9575
786
8755
2530
8030
6813
7416
2911
1488
3684
7875
8002
9956
3625
435
394
3152
1324
6275
7507
3909
3810
9106
7312
5721
8300
3523
6186
2923
4505
936
2471
2978
5187
5680
3761
7211
335
4442
6513
3523
88
6995
9508
7405
8286
2790
5535
6207
6088
1419
7547
9601
9719
585
1353
8936
4020
7884
4709
1085
522
5216
6410
8530
68
3041
4748
9275
5483
3676
4124
1865
3541
9144
3238
4121
908
9959
4361
1645
8843
4682
6113
8273
6891
6422
7481
5182
3395
493
9469
2685
4307
1127
7429
5155
2481
3873
420
8951
2877
3425
8953
341
7419
1649
1156
3310
1223
5802
5575
424
6513
1753
8237
9138
5619
8020
7805
8469
5770
362
7575
1352
2197
1608
802
1238
4393
6115
2134
6993
4824
3330
3406
983
3288
5818
8224
4896
4433
3876
1369
5155
4610
503
7350
3125
1846
8656
5223
7895
7550
2171
7434
1972
7758
4095
3088
8122
4813
9843
5290
5730
3913
4263
1627
2412
6803
1461
8425
8102
6384
1481
785
7820
4314
3138
7359
6862
6045
2457
4456
2043
5770
2282
1442
7202
9139
2189
6360
551
3869
6180
5255
7264
6511
8442
667
9105
6961
399
8386
8109
9861
8590
3142
2486
20
522
5486
3514
8499
8079
4030
487
3997
5512
4664
8760
7010
1590
9247
3080
4637
6054
3645
7418
3080
525
5875
6880
6953
890
7835
3565
509
6494
7229
9103
215
8349
6706
6252
1841
6918
8109
7911
6024
7939
9889
523
6546
5760
6047
7639
5376
8302
1458
7796
5880
8372
3253
1045
6957
4699
8924
5639
9610
394
2379
2365
3373
9830
297
9332
7436
387
8111
2109
9586
1907
8680
3832
5111
3698
9907
4799
3491
7758
6623
7600
5554
2028
1975
9204
4149
7611
2772
8077
7652
2476
5238
2585
6640
3928
6855
6552
6316
7853
8960
9945
4353
3591
8006
9820
904
1189
7765
7106
3255
3856
4119
7432
8858
6115
3790
4557
8451
1896
4022
1744
7502
5843
215
7656
3764
5953
6372
7586
4141
1546
6035
3462
6920
6012
6170
5313
7867
533
6512
4903
6908
3395
747
6896
5602
6275
1892
7161
2374
4738
5602
4295
5549
9910
2351
1458
7275
3763
3010
4547
564
2989
1739
9629
9491
9900
3660
9931
8800
2113
2232
9771
8141
6766
1016
2086
5839
3900
1734
1696
2656
2270
8193
8347
587
1590
3814
6709
6392
2868
341
5496
568
1301
9716
5644
261
6298
2862
3514
4932
3801
6160
1600
3811
6860
5857
8522
2386
859
4573
963
9869
4736
5288
8308
4214
8592
1230
1377
7914
4497
2501
7828
2326
8958
9011
7085
5002
1488
1786
4784
2058
8883
2133
3100
9256
7485
9078
9892
5344
8793
5340
4391
6950
8159
950
9600
7247
9949
4121
4226
3527
9648
6303
973
7379
5405
7921
7248
3702
2445
6009
8756
4907
3012
8760
2228
6151
3837
2661
3012
1691
8545
8397
2026
4545
1621
1816
3149
2958
9800
9145
1154
9043
8109
1105
5611
7775
8495
1557
4775
9849
6599
4288
1787
8329
2721
9175
1322
1909
4958
970
7377
2730
1791
3724
3277
3565
9813
5657
1011
7541
7430
8954
49
3797
8182
4571
8937
5495
6751
5291
5
733
1780
7384
8683
7896
507
5871
6650
3730
5944
5733
4687
9058
3575
7112
6837
5080
4458
1781
1607
2985
3783
2096
8023
1830
1172
4157
9873
3579
2794
3789
696
8910
8386
9650
793
5433
7613
4847
2128
2011
3287
6456
2401
5920
5191
2800
1714
4091
8806
9514
9133
4328
7238
7215
7598
779
8642
7481
7877
4919
4415
6137
8242
5958
7400
2916
464
8540
6226
6640
5305
2784
8677
7256
942
5126
5819
3476
7584
5100
5682
5670
9360
6643
7406
1046
6426
4675
7868
3001
6091
6651
5126
5683
6584
2777
4698
1121
1712
6085
2333
1765
8111
7959
1516
87
982
3089
1466
5367
3777
2251
4967
8820
3929
3905
7446
8991
3580
4209
269
2287
7686
8633
7695
9228
6423
1649
1962
744
6920
6410
8886
4487
2555
347
9342
9037
6015
6878
4801
5497
3363
1542
2293
8122
8107
713
5873
9664
1037
5974
6955
3529
2227
7828
8933
4923
7747
1272
9827
8745
9844
8855
3781
2603
9760
2101
2825
4331
3304
9475
1912
2156
5362
6815
9280
3487
9881
5196
7084
52
7172
8673
2656
7876
6195
9556
3244
9220
727
548
9928
9055
1341
6456
9680
2718
3103
2593
8172
5013
8883
8150
2387
7517
1443
2492
3169
6726
8676
8407
3423
7969
706
6981
1357
4709
2722
338
3076
3865
3028
5186
1218
7810
7826
4141
9041
4221
3982
3430
1786
3941
8042
4214
7358
1164
20
5582
245
9605
9166
7924
3843
1003
6212
995
1378
5699
1167
9330
6188
29
4149
4174
4746
485
1371
7895
9810
4006
7853
2563
9325
9973
5638
645
8842
5492
9534
8293
3451
677
9423
2876
7194
9977
6001
4747
1465
3597
3549
276
3432
6480
2412
1125
8401
7400
9479
8524
9916
139
2998
3875
1770
7213
5058
5465
8644
870
6941
983
812
3014
3860
6320
4858
3848
5048
804
6505
9614
64
4161
7378
9305
7472
4849
1901
3528
1612
7898
4360
367
2996
9191
3429
756
5256
172
7462
1929
7061
2380
2738
5440
2603
9140
567
1790
3870
2089
7416
9842
3296
2429
2146
7893
4032
6756
5274
8594
4853
4406
8267
1104
7788
6653
2930
1229
1739
5780
8879
7437
3124
837
7950
6747
3612
7963
6653
2885
9565
8233
7383
1478
4497
7784
294
7826
6574
8025
2511
1538
659
9898
9697
5764
2507
5723
3562
1349
6180
1903
8005
1825
4421
8563
536
5214
8130
8881
5877
6080
8004
3203
7092
9122
8554
177
7084
2639
7271
4043
5521
6710
6188
6427
1087
3496
6060
2637
375
5945
3903
6206
2088
4766
7017
7820
2614
6404
8464
5939
3474
1128
1435
8207
9702
8717
4291
2578
175
3032
1336
4825
3479
3582
3845
1318
7283
3381
9631
9423
2851
146
281
5618
9018
65
6074
4086
490
778
8114
6129
2255
5427
1044
1105
9184
9621
941
9714
2544
4357
4939
7513
7048
4174
7534
4468
1610
2678
9369
7211
5502
7870
7225
5457
6019
2917
6976
4689
7316
9342
5448
7292
7389
5884
14
3499
4293
9057
1842
8555
9870
2814
5779
919
1801
2516
50
6584
3203
8861
4740
4075
1945
8973
225
1219
7809
234
8921
4468
463
3739
9
5179
6991
4206
3014
2389
4400
2434
9446
995
1055
1058
971
1713
8659
3784
4679
3300
8476
2528
3537
1459
5194
2216
7531
9603
5005
8059
6055
8018
8621
6803
3337
947
9998
3067
390
8162
7819
2776
270
6151
9152
72
1206
2996
7847
5122
5704
928
6455
1293
8684
1497
3933
8235
9668
8728
9942
3191
8646
5140
7774
7093
8561
8598
2689
6447
9602
6790
1132
1717
4409
2037
9557
5602
767
5444
4125
185
6330
7679
2724
3231
7101
1943
3613
2160
6311
4834
1668
4127
217
4661
8624
9981
1043
9257
6909
63
1793
9669
9583
945
6048
27
6836
4487
4401
1347
5647
6425
4220
2869
3025
7591
2667
7593
3054
3361
4711
2359
6330
3425
9990
6123
2945
2026
7094
2150
36
7240
4567
9149
4155
5927
5999
5529
8338
7068
7241
9589
1479
4571
7257
8922
3541
9684
4983
5567
4632
8464
1604
4402
9892
7187
8092
1767
6033
7297
3534
1702
9161
4074
1306
3761
1588
4589
9898
2107
2958
2732
1109
8665
4811
8699
2237
4043
1962
4429
7598
1742
5586
5908
8820
4499
3242
7196
7148
2940
1502
5612
7207
5418
4580
281
6052
8188
5386
4251
919
5967
7406
3527
1373
3208
3501
6612
3503
8502
5241
1143
6877
8440
5624
6888
570
3753
3779
5096
3662
2525
9667
1929
9490
5812
3534
4762
5124
733
7286
6394
5749
3482
8834
7487
4536
1918
1509
222
7848
828
5637
3158
6607
8299
2561
8875
8188
557
8496
381
8203
4986
7782
7442
6152
7435
8414
2689
1375
4339
9332
5084
4688
9747
406
3875
4314
1522
2371
4725
4932
2368
5105
9512
5495
2755
5735
4515
1973
5063
6890
1184
5515
9178
3862
2591
4512
6325
2739
6860
549
6608
8913
6583
2831
357
4914
4540
6152
2212
8692
1371
9910
1723
9725
6805
1240
8603
8436
3947
5067
7032
8987
9614
5156
7366
6631
6789
1479
8190
7279
5473
4985
6352
5245
9712
8112
3888
2356
160
4953
7096
2026
7425
1397
2267
7489
7574
5862
6016
643
3665
4821
6471
4495
1992
3477
592
5534
5289
5029
3779
3462
8472
3485
9269
2048
7288
1461
9897
2843
7747
3999
8838
7995
3734
9058
9689
3584
8719
4626
2323
5699
2582
8228
1102
9425
4717
457
2659
5117
2939
7779
51
3227
9753
2326
1063
1554
6056
7235
3151
207
2232
5645
3205
4806
9617
4773
9999
8550
1500
2448
9733
2921
6296
4582
6782
874
2626
8225
2199
3038
1124
5459
1293
2941
5206
1176
6298
1712
9797
7913
4864
683
4944
3778
9209
3253
8816
4026
1552
6925
3896
4035
6886
4141
9368
5938
9009
5828
8159
981
2736
5904
8343
4022
2042
4600
5776
2318
161
6533
4616
5589
958
452
7731
7056
1917
9264
8838
2821
4842
3173
1284
7489
6741
7307
5027
4345
3105
5345
2732
717
7775
7504
7816
5373
4006
4557
1474
7696
1035
5525
1891
3320
9955
1340
7084
8104
273
2755
2099
9224
4100
3873
2697
5810
6259
8183
8519
147
1200
8653
467
1987
471
3788
9820
3371
3375
8247
3013
567
6513
5115
2697
781
2842
5809
8987
1453
5597
8116
9511
3925
2341
6545
3430
9976
8039
9694
9873
5256
7873
3692
9797
9936
2662
667
761
7065
2160
7609
6458
1485
5935
7821
6930
8450
6705
7335
7669
2228
5515
6
9751
2516
968
2674
5544
1016
2964
3152
1411
9447
5858
6500
6798
427
8938
4730
8558
7970
5700
5626
9498
3667
3745
6963
5871
6407
5295
7017
8600
523
925
8191
9202
1860
6717
8440
1842
9398
6954
6455
3266
1845
8539
5590
202
8852
1838
1026
9394
8337
7356
322
1370
8169
5970
1428
1522
7117
9898
4179
5139
1796
5605
4967
8738
384
3178
2859
3169
2721
1411
4561
1049
3092
5645
7133
5983
6425
8273
6414
6621
8189
9595
7278
2684
9765
1097
2317
2550
62
891
8686
6140
5757
8013
3918
9138
4256
2745
4526
1898
3780
2707
6454
8437
377
4238
7562
1242
3877
5947
2966
7771
5910
5852
5165
1182
2435
1045
4902
635
6750
9924
8127
5096
3492
5863
1129
8734
3278
7239
3279
3783
4155
8446
8122
9368
9349
3495
8267
3391
9053
3729
3300
5885
4508
6033
8769
5334
9839
952
7040
5075
8211
3218
6988
358
7548
794
6034
4629
9461
1972
3773
7947
3414
9466
7659
4232
4816
1302
9119
7817
3655
5096
8332
9596
6547
3061
7944
8079
5744
4972
4884
6464
144
3
8361
6545
2673
2241
8196
839
2638
9333
2024
5823
4439
6141
537
4612
130
4751
8118
3506
6129
6174
1205
1997
8517
4752
7084
1732
9849
2079
3120
2623
8196
6273
9207
2577
2924
501
8003
4301
4268
3595
2478
5726
710
6115
8798
9192
659
1202
292
7752
58
5168
7038
2429
980
4730
8306
77
3473
3844
2804
6462
7948
2270
3803
6090
6096
9788
7972
7842
1708
152
564
7500
9334
4356
5513
6436
1701
9010
3383
9318
1351
1520
3154
345
7384
879
5898
9525
7072
166
9184
156
4641
2618
4189
6621
2639
7733
8311
2237
3423
568
8596
3877
4712
1226
6040
1529
1198
5214
6188
5696
8047
6882
5184
1483
8747
7175
9808
6602
7604
3179
6509
105
281
835
7433
3297
9074
2108
7729
315
3695
2310
5443
2867
8116
555
7248
9140
7394
1980
9237
7406
6877
7252
9774
916
2910
9070
8701
4140
2236
1452
441
9000
5823
1537
706
1637
6241
4383
9012
8659
9383
3620
7098
5909
8915
8487
3881
1793
9205
1310
1255
3894
532
3859
6283
3419
6756
1377
2629
9893
7197
3668
8869
2011
2549
3476
7269
3436
7435
5089
5970
2578
4901
974
4918
4442
5071
4544
3078
8025
104
1102
5440
7616
1035
8639
2667
3527
7386
2259
6140
5077
8825
6386
1889
5595
2107
8650
5538
324
2211
5762
3970
1880
4449
6100
5540
1653
955
1175
7412
1433
9870
31
8409
938
6442
484
2281
163
4886
2687
5156
4129
4562
3702
6826
100
5432
7582
549
3232
8269
2644
2649
8330
9690
7878
8081
903
6025
809
13
8325
8962
2812
9448
2098
4819
8286
47
7914
8686
3055
8688
7680
3890
1628
3852
7819
3441
6671
2360
2881
6361
3022
18
7212
6516
8962
4814
9834
8429
9250
2329
7377
74
2787
6183
2469
4615
3273
889
3031
6137
1710
5040
2306
8578
6286
3994
6108
7962
5935
5860
9172
3042
2692
2425
3345
9281
1737
2966
4405
770
3679
3015
5318
5907
5381
7886
5908
887
1559
6465
1746
4473
8246
3047
5482
9744
6106
4380
2793
9277
4998
993
3556
7376
6484
2680
9469
8452
986
3718
3320
9704
1997
8112
7241
3871
1638
1166
7016
8843
4682
5724
4118
6648
4926
1365
9783
6597
2214
9000
263
3586
7113
4416
9000
1703
3585
5021
3153
275
807
6788
8295
4465
3006
2585
5401
3216
8440
2504
9327
7068
6109
306
7516
4583
2882
268
1982
8077
6333
2706
4936
7787
4088
1921
4027
4294
6197
494
9207
7638
7073
36
895
4912
3383
2277
356
6449
2622
2716
6079
8697
772
1005
9060
3760
9617
1575
2853
5232
8130
4639
2063
2271
2428
2745
2749
290
4584
3423
3585
5656
9150
135
8806
6642
8465
4506
3028
2639
4152
8821
2924
3688
1020
2877
7607
278
998
5807
8754
6924
3558
5493
6555
5261
428
973
1162
4507
6737
4883
3993
1858
6105
1370
6401
3480
4562
4488
5235
6824
9481
4804
2886
7892
1637
623
2739
9786
2842
9429
2842
4195
5213
3194
7605
1623
6400
8503
7313
3659
7499
4213
909
4608
2032
9297
9809
4078
7491
5426
7327
5528
2507
6984
6313
25
7796
6386
7133
6374
2044
8360
3455
8543
9292
8097
8282
7860
6430
9316
5772
2742
2678
5454
6538
1827
1349
4889
6662
5608
8365
7820
2436
4779
3230
1746
5173
1964
1498
4616
8215
2313
1649
9998
4691
1644
467
4132
1691
7108
9189
1307
9122
811
9176
5678
6890
3017
958
6032
9409
3423
3684
8640
7881
5050
486
4731
5218
8578
3011
9212
6830
1942
6539
6095
9806
4117
7511
5725
2915
6174
6320
6729
8846
3200
7876
7886
4894
3608
1872
8872
5986
3434
4960
1995
7615
5996
5208
123
7642
9583
8419
1330
5170
3528
6728
1526
2192
779
5857
4628
5070
4453
6168
8299
5942
5324
3563
8514
1749
8246
9532
4758
3412
6844
9613
7457
9064
8845
3275
4398
8655
459
4625
6029
3091
4747
2833
3706
7086
6069
6835
4330
6984
5021
6048
7927
4133
7427
6714
2425
78
5807
7866
283
3710
8358
6880
1371
2486
2577
1708
8493
5731
1974
2593
2314
5278
1470
9785
8047
6411
3353
8317
5421
7921
22
1459
2193
8901
4375
390
451
9569
3075
4084
7095
9529
6576
6093
1804
8691
8987
7332
7439
413
4594
8826
7381
4352
1776
5083
9920
1793
8417
2969
8751
7429
955
5492
900
1246
5443
6608
4787
2748
8093
7790
5541
576
2845
5425
3337
7818
6934
4980
2179
3667
209
564
3983
4424
6160
8395
6765
4771
7344
8813
9934
5372
6478
6610
950
8500
6073
8364
8122
347
4874
7187
5513
7942
672
6120
7058
4931
5650
7153
7716
2598
1200
83
8706
2764
511
4798
8774
3305
2979
393
669
698
151
3788
4714
6449
8650
9338
5059
7584
1843
8908
1305
8975
5558
4373
4323
3347
6721
8662
941
3102
5228
5990
9082
3687
1238
4941
3427
4061
8766
7573
487
1859
2676
9992
5293
6503
5207
2984
5716
918
1534
8245
3720
7851
2514
1968
5775
5667
5737
6768
9570
6595
9465
1797
8369
6438
7146
7922
3264
4471
8556
808
8288
9555
8642
2185
3360
6969
8118
7825
6388
1534
5963
582
7378
4756
6436
5535
834
616
9783
1797
3379
5972
7498
9174
2312
2730
2746
6801
7718
6235
1959
9618
7571
81
9577
5436
8131
9017
6524
405
4327
5573
7573
5284
6968
5476
1760
3332
2781
4743
4987
6284
3799
885
9533
7111
5532
7579
2144
2568
5557
5033
8392
906
1508
2268
2376
5703
6051
5380
6579
262
7777
6536
2680
9136
6692
5962
9500
1276
8990
8889
7115
6726
831
9275
3070
3131
7706
4138
3655
4487
4817
6719
8283
4317
1185
7991
9551
9045
6121
4114
1730
3570
3555
4995
2120
1175
440
8242
1603
5321
9752
6383
286
3092
1119
7159
2983
4707
9932
3270
7986
4195
7043
720
3276
4211
1504
9158
692
6628
2948
25
1753
5973
5459
9551
582
7060
3652
8063
4630
6131
9412
3704
3457
3978
4868
1836
5520
7301
3037
3469
6651
2227
5180
61
5091
9301
7523
4018
6237
3563
2603
7457
4952
6094
9017
3669
5444
5908
1688
9980
3959
3203
6870
5419
4376
7375
2374
3073
9412
824
7067
4102
6800
4824
8749
7458
1696
7162
6726
2735
19
7195
7309
1727
9450
6032
1978
1510
4506
3038
1787
1503
8963
4149
2311
2678
6529
4030
7174
128
9846
4780
7292
3626
4382
1697
5661
8982
7746
3071
3211
2843
402
4169
4268
4965
5645
3055
8560
9100
2503
8779
6833
5294
1575
1109
2312
1043
2530
4742
7641
1000
3470
9311
7133
5598
334
5311
8418
3054
297
4450
9411
4189
7787
8272
3978
7392
6917
5052
238
982
65
9920
4809
3615
5416
3122
9438
9113
3543
1436
2704
1225
4571
7007
8529
9943
6817
8184
8363
2978
3871
4957
9724
5675
7066
5636
6600
5092
2666
704
5337
9626
5645
3617
5357
1182
3911
261
9750
1165
3176
5316
6357
8162
5843
4956
3745
389
8280
3398
4856
9860
7929
8782
2790
2278
6823
6283
1845
5536
346
6788
1637
7500
8094
1024
2038
8060
3832
2398
6151
4973
4418
1310
7109
666
2008
435
4309
5335
1901
8202
8439
9365
9081
3299
2446
9982
5816
2846
9081
4276
4198
3205
8669
8858
3532
8286
7513
1022
7737
1010
6309
2828
9259
5281
9695
4663
9315
8078
668
8303
9824
7248
3211
1784
8209
4150
5765
3937
3513
7305
6160
5515
7330
9753
5820
8834
6856
727
5671
1327
2050
2561
8079
9415
6772
3062
470
6651
1275
6654
6211
8587
1972
565
1487
6353
1267
6315
1767
5534
7
1840
5473
3855
1555
3205
3702
7003
5927
7691
5661
8119
9834
9171
1871
9276
2087
674
2122
5824
1794
2468
4492
6446
327
3436
6647
1804
2870
5349
262
357
9509
4371
1682
6381
2199
2166
9692
4302
6130
3365
529
246
3245
9946
6578
6252
8537
2183
870
6868
1410
8029
527
7096
6558
1038
1174
5953
6531
6791
6337
7167
769
9667
4950
5072
3875
3523
77
6623
9917
6863
7506
9348
765
7662
8427
9292
1705
9947
4319
1623
4907
5509
5740
1444
2866
7814
1027
5269
110
8332
5659
1048
2084
4574
5157
4121
8255
1480
238
9933
9918
1763
8735
7825
6303
9541
9523
9535
8695
3218
3052
769
8142
7669
4741
6366
3919
4231
1668
71
3336
714
5059
8508
8376
5847
1468
3503
8050
2632
4026
6907
2651
2524
1830
2720
721
6012
6920
8903
7519
3140
2805
3388
9972
515
6292
203
2796
2349
410
9050
7221
8855
7645
5302
995
1806
4759
2759
7270
6276
9580
7521
2548
2800
371
4569
5226
3418
6092
9454
3867
3274
1016
4641
9897
9066
9510
5261
1791
4859
9656
7614
8054
2
2502
8488
6756
2243
1355
8227
8496
4162
1471
7806
9768
8775
8567
1283
864
9217
2993
973
2778
5801
4471
4034
3588
4677
8937
9560
6478
9434
8842
6386
9895
7224
9797
2179
607
4728
9498
9478
8644
1576
3113
32
7383
4433
6000
332
1329
4369
2880
6688
8168
2686
5323
9750
9004
2836
7500
6956
3219
3821
9198
2903
800
6160
1550
6093
3349
2333
83
5574
521
9666
8427
7456
4324
5354
9188
3774
4878
8310
1758
4871
8213
7156
9334
833
8515
7992
4808
7881
250
6520
8075
6236
6682
9651
9654
318
3647
8198
1871
3904
6978
7091
1171
4053
3718
1373
4056
8725
2173
3505
9716
5412
9375
7924
4528
1512
281
2329
2488
7928
8783
2531
8525
7461
3781
2292
1150
1942
2562
6245
9587
920
520
2653
6194
9183
9158
3374
7698
9532
4904
3508
709
2449
9291
1402
5342
1498
4701
8933
5340
9800
9092
7793
9571
3554
4691
5768
7839
2485
2143
5573
763
6816
5279
3548
9247
878
9682
5422
7623
7912
5482
2007
957
8689
3304
7126
6898
2612
9478
7042
56
1769
658
68
5047
9107
9374
3848
6234
6552
6572
1938
389
265
7944
4630
8348
2877
6732
1939
7667
235
1505
1343
6461
3666
7084
2560
9832
8946
7630
7096
7391
2905
2986
8701
1451
6674
8120
7598
2183
2948
5914
5727
1945
2239
319
9657
535
8725
2151
8295
4390
5290
6137
3771
9656
5906
172
300
7420
4308
9487
1862
40
5555
6565
2414
1013
2522
6557
1105
4356
4913
4095
6554
4888
3100
8445
3764
5253
4719
5608
8204
8890
2683
1267
3733
6290
1636
5370
5208
6003
7868
7298
1250
335
9669
6236
169
7653
6673
9086
6264
7873
1230
4508
1159
3954
4625
4220
626
4191
30
2053
2436
9320
9723
4733
2147
9942
978
9002
6809
9337
1188
567
9795
1827
8915
2131
990
6693
7035
1649
3948
2144
4834
8793
9698
7780
2051
6562
6244
7840
6882
7577
1801
2421
2134
8365
9753
683
4463
997
618
2752
4854
5176
788
7561
2783
6923
9156
506
2018
7751
1336
4113
195
9025
9794
2851
3444
1504
1599
629
3439
8053
8614
1864
3342
9943
5029
9081
7707
9941
8091
2559
5839
3562
5873
4839
9012
9343
6611
4462
5763
7271
3170
8535
7907
1353
9111
6229
8758
150
7043
1412
3464
7124
6848
9075
6570
8372
3654
4954
3257
6551
1963
2243
6542
8869
3003
6171
6025
6759
3152
4955
7217
624
260
5477
8622
3670
8241
1897
5521
3555
3281
6640
2275
2266
9258
9035
2723
6141
1972
1549
2783
5478
2972
1637
8888
9369
6825
5926
815
3541
6453
370
3056
2857
3825
2215
442
7757
3104
7888
7004
5289
2500
3269
2592
1437
6019
5391
8964
8064
7028
9190
12
7416
2384
7700
9551
75
2075
3303
3683
6265
4476
3491
9525
4460
9599
4641
5238
4262
4937
1418
312
6466
5845
2247
8244
9221
9327
2018
4928
8409
9715
554
7379
2873
3574
274
3357
7063
4478
3818
5575
1863
3124
1407
3421
5195
2034
8232
2159
4150
1039
8055
1670
7893
2630
2816
7323
9733
2297
6926
8233
1687
7244
1348
5011
4776
8369
410
5100
3269
9767
9293
744
1706
3853
8895
4406
9893
4193
1322
8484
1636
6268
4034
8554
7681
3333
3221
520
2024
2403
9065
2032
8341
6223
4001
6883
3021
3255
1841
869
4891
402
627
3227
8524
4803
3342
1988
8911
7582
9874
9031
9813
2729
1181
8770
9752
2573
7283
6139
3569
4137
4550
6488
4987
464
4921
5627
1918
3802
3525
2032
3798
5773
753
7243
8538
5157
3913
8149
570
2009
7621
9104
3532
8732
3282
6325
545
9132
2913
8877
9113
2967
7441
3826
7247
8249
3909
2970
1497
4488
6378
5480
6459
4829
5084
5008
1867
467
269
6415
374
2550
4413
1663
5626
2235
7157
9937
5187
4189
259
4450
419
8798
4924
9561
7062
7530
8534
366
1590
2669
3671
8239
4225
6828
4589
3943
7147
9864
4532
4061
5666
8295
5995
3444
4046
7588
2060
9274
1340
4892
4575
4168
7452
6189
1170
6856
2553
9148
8748
2843
5742
9556
5161
4773
3700
118
4909
3410
8169
5270
5455
9735
7714
569
3362
7058
5927
4206
7049
126
3405
8987
5116
8936
6197
5010
5386
579
3667
748
5549
9494
8044
3467
7617
7091
8356
3935
6674
848
6553
1220
5300
2578
9575
3571
2199
6375
9452
6909
3836
1637
9422
1504
3002
1447
1695
604
1100
523
8060
6206
7163
1478
1435
6702
5948
6092
3151
6662
20
2594
4232
7420
292
8366
6635
2425
4289
5402
5272
8550
7278
8582
9337
6457
4557
2205
9576
4934
4918
4715
5321
3081
2202
7572
2426
9674
6643
8661
367
1304
3539
6232
769
9542
4784
9074
9187
2158
9392
5384
8264
5665
8375
3358
9180
6402
8546
9662
2690
3643
1056
7208
1517
5925
614
5363
1306
5941
9709
5182
6855
2286
2920
6897
1498
6683
6377
2971
3360
9621
9391
9346
8533
3560
2750
389
6443
3165
3436
1735
7461
1233
4955
2820
7895
8783
7646
8189
5422
1844
2137
4966
778
7657
1369
9278
2854
8824
2704
8833
4094
6743
8083
2893
6129
6403
4165
9895
6781
5077
236
9469
4880
9186
9734
1017
6668
5134
9418
435
7066
776
8162
484
7918
7516
6475
9123
3509
3510
8869
5191
3505
2033
9020
6837
1879
3211
2687
6292
5999
4437
6837
3626
2742
655
5347
5762
9499
336
4062
3980
3006
9589
9617
4594
382
9426
2997
7663
505
1803
7525
5174
8806
8772
430
860
2890
8743
2828
2525
1760
7944
5120
1219
3914
9436
7492
9874
2840
6071
8811
8449
2206
8193
2610
5926
5535
3050
2637
708
1116
5706
6464
6317
613
3645
4453
3327
9373
4641
4929
7430
6558
5712
8617
7903
2713
6165
7101
7879
2552
7856
1692
9497
120
3598
7200
2491
6775
9179
16
8387
8923
7136
4533
5706
8178
2546
8612
3928
2446
5715
9860
99
2145
9694
908
2493
6559
1761
9278
553
7485
950
4897
3230
5714
935
844
425
7249
9907
9083
3504
4333
4418
8035
7073
9215
7817
7184
6632
434
6717
2532
329
7769
4978
6908
6222
1142
2234
2717
7888
3249
749
4853
2673
9937
8930
724
4197
1090
5499
3817
2069
5962
1558
7772
1828
8618
548
8858
6384
9757
4059
6210
6339
2215
2194
1731
3652
8460
5968
632
1604
5414
5676
1761
109
1543
8627
2033
3566
6884
8497
5369
6725
6902
5196
7225
6007
4690
3672
9530
8799
5898
5958
500
4381
7169
8779
2553
885
7160
7025
7405
6217
3329
8056
2994
8887
7865
9448
1251
7857
6963
4929
2083
2744
5293
4172
7606
2414
5319
5392
7854
2874
7877
6081
2165
2713
8997
6390
6264
8566
9811
2929
5676
73
2409
6482
921
3092
5301
247
1669
916
122
6080
6113
7583
5572
6681
4994
7350
7707
4622
846
6564
491
195
3083
3851
2274
4575
7357
8268
8101
3875
6987
3563
9500
5142
3439
9598
8956
3603
5656
518
7271
4323
6813
2329
9007
2601
4206
5583
7886
5388
2485
8512
4966
5668
4009
3331
808
6532
1277
9401
1206
4598
4125
6500
4123
4549
5269
3588
1933
4257
4694
1767
182
9162
9284
937
7437
3262
3598
7118
6823
5712
2895
6130
5671
3316
269
5721
5866
1078
40
4525
5520
1130
2470
7122
6934
7625
7190
6048
9030
446
9553
8366
7558
6646
2361
1223
9527
9000
1000
1047
1835
1716
824
3847
7628
6077
5508
7911
9141
6028
1755
4401
8978
5762
3216
4825
8914
8719
8449
587
9141
4391
5491
1563
6587
6921
3986
9312
6987
6901
4898
1480
8936
3449
2463
2857
3848
8585
5273
593
6949
6626
1552
823
4061
2354
2396
5206
842
7110
3525
6640
1966
536
12
4435
8485
5078
5990
1946
7952
7512
2646
4189
9673
4404
2144
7399
7745
3784
9437
5033
8414
5394
4830
1676
2123
5901
924
3102
7293
1770
1905
4502
4193
7534
4015
2386
1626
3036
5008
3137
9721
7832
320
7813
2709
7644
434
554
8344
1262
3003
242
443
9968
9909
9986
3899
3833
762
233
8939
9126
8838
641
6583
7353
1948
8355
3527
5626
9290
6306
449
3945
3583
5247
2186
8190
5586
1408
275
1363
4313
9680
4691
6816
3722
3391
2759
9448
30
9390
8938
4534
5718
5592
2192
1887
6359
2448
7426
4161
9380
9779
2885
1941
9498
5629
2422
3085
3157
7462
5532
7577
8806
2963
3886
7401
6009
4900
7015
9041
1900
9162
9246
9233
3828
7318
4370
6117
2665
514
1509
5831
9223
4655
7357
8451
4242
8169
7832
7744
3761
2036
1064
6868
1108
6800
117
6275
163
7279
3317
7513
8377
4570
5132
7319
3686
7410
1969
8676
4144
2447
1115
2064
4421
565
5614
7614
5308
4848
7375
2064
764
8284
2701
9165
2062
9642
1638
6865
2497
4128
3481
4000
7958
2885
4524
5284
7473
8340
7838
3284
8755
4698
736
3700
1796
2918
368
3043
8375
5051
3848
6304
322
4015
2050
8803
7419
405
3216
8151
1963
456
3051
9786
3345
3506
6733
3712
24
6308
5323
7461
8864
40
3775
8952
5487
4948
6046
7508
104
1362
734
2277
6862
6346
7845
7723
3603
182
4830
9402
2045
8158
4724
8239
7319
615
8299
6792
2483
3226
8917
1378
2764
6014
9845
4245
7466
9171
1589
4515
7414
3484
9473
6851
8657
1537
2922
2272
768
5549
5700
680
5274
1719
39
1109
3769
1565
1838
4674
6484
827
4365
9310
4457
7623
8987
9216
3525
1787
4888
7643
5077
7059
592
2490
9577
6902
8207
2435
175
9878
5455
6686
2148
2755
6383
8280
6210
3757
3980
2816
4622
2910
4581
3438
8210
5809
9229
1497
2016
8007
2683
3743
2939
6416
9903
1966
8719
4491
3257
4199
8973
9834
1261
467
8058
2345
9603
4757
5883
5788
3744
5011
4419
6610
1713
6410
574
9137
27
1463
295
7715
798
4375
4852
7531
8524
1329
3440
3949
8944
2396
9312
8501
8124
1622
4851
1574
8576
8512
9437
7607
4030
3848
7016
4130
1137
2921
9317
4031
9397
4315
2107
969
9403
4956
3080
7439
4639
1011
3190
7798
6282
5998
1382
7036
5555
6132
6044
4649
2528
4639
160
4176
7062
1555
2281
9335
3036
1971
3677
2315
9299
8944
7625
9150
470
4279
7468
3217
4183
4288
2120
924
2159
5894
24
4694
7270
995
7338
7751
6387
9375
4639
275
9414
5269
2735
951
4980
3489
5240
8786
7849
216
6240
7267
5838
999
8918
2485
3035
1372
842
903
8426
2914
9091
1518
6923
4838
3954
2757
7827
5736
560
3086
8716
1006
3493
5613
6081
658
4578
8951
9405
5462
10
8565
5832
9048
7392
7978
4497
7349
1048
5801
5354
2310
2128
897
789
6919
5880
8983
9677
3157
8240
4681
8231
8151
3858
3887
3181
6045
647
3641
8349
3880
3195
9125
6259
5579
9248
8020
910
9523
4332
1681
9219
8347
505
6703
1383
665
8189
8296
2860
7186
5122
2055
5587
3647
7997
2320
8026
6580
1631
3264
1849
7443
3320
4384
129
453
1677
9756
7319
8300
2890
7260
9274
9764
7222
9352
5658
3902
8379
4822
2464
440
6207
8661
5869
4163
7618
415
4119
8737
4623
2069
3330
389
4698
2272
5261
6974
1692
5116
4492
6588
4622
5837
9450
4818
3648
6636
6697
842
7529
4844
5780
6913
4070
6107
8685
4996
6378
1002
4261
9524
7944
2313
6264
2677
1146
1448
2272
9153
8831
393
5992
3733
6826
544
8704
7319
7316
429
751
2130
7086
8936
6287
3870
9777
2367
7556
6652
1902
848
1448
3624
9815
6246
8406
8632
3200
7695
3009
4445
1628
6002
7241
632
3652
3215
4002
4339
8396
8742
2026
8821
2763
6121
4296
9489
1075
7387
4144
2357
1947
6082
3279
757
1722
1563
9319
9130
5924
5598
551
7856
7949
762
8646
3681
3679
584
446
7675
310
1650
846
5331
9053
8115
9702
2685
2431
2748
9453
7113
9929
9123
8803
5371
3995
3112
8571
9088
5113
3684
535
8792
9754
798
100
1518
2581
1341
629
8846
6249
8244
1375
4578
7982
5884
6947
8465
8726
1697
2293
5979
6225
7821
7905
117
380
3996
173
2616
8207
5263
2750
6975
1661
3745
7148
8008
8989
5015
1004
8131
1310
284
9305
1368
3259
1303
4008
1234
9002
4934
5885
9153
5040
4630
8292
3900
6857
7314
6347
1364
4637
7152
4102
3604
6158
1493
732
9886
5237
3348
7444
470
6019
4611
7698
5434
8658
9203
6809
3091
1476
6349
5780
5123
3571
9461
3712
6550
8081
2860
6723
363
2469
3814
1716
5711
6641
3381
9014
7388
6970
3584
4771
342
4990
1930
5743
7654
2409
2531
1096
4696
8673
4732
1761
3948
8451
9792
4216
9778
2551
6668
8125
3460
4460
4911
766
1743
3946
8851
7966
7996
8486
4067
7123
1260
5526
4368
7426
3753
1011
297
2853
1288
8915
6918
5082
8072
8503
3022
716
6408
5905
8582
6655
9622
462
5556
521
4899
8508
8088
9366
5902
5311
3292
5098
9168
6693
6118
5263
5749
8804
1065
6046
4562
577
6636
2266
5870
9850
9949
1357
817
9776
6230
3207
6421
4924
5535
9876
3646
9472
2422
9493
1702
543
9851
8824
6185
3938
2354
1629
4459
3132
7424
6731
8156
3219
8872
4505
9511
9110
6288
4507
1986
6819
2343
6998
2265
8362
8179
5900
3136
3080
8654
5287
4929
9795
6391
483
9637
6814
2650
1545
4985
2488
8700
7704
8617
9080
1333
4664
1034
1363
6581
6294
4519
9247
6606
53
78
7139
7160
8278
2512
6711
6164
8331
6676
9993
2948
5697
1850
2491
8968
9143
5172
6963
7139
8620
6560
4237
4857
4672
4624
9544
2090
5521
1317
9397
8430
3535
4073
9283
1420
1478
3237
84
2802
6348
8781
2335
9266
1966
5689
6913
7858
9585
7263
1980
5265
3920
3813
6613
8426
6324
1048
314
1156
2610
4107
2843
2979
5333
4598
4735
2198
9029
2668
5897
6267
9653
3381
7021
4252
4659
9258
6437
6374
5835
1828
4031
942
6652
7424
3409
3468
2377
5944
5816
9548
2570
3763
9148
8368
4108
5689
9233
1884
6380
6785
4101
3351
2665
2975
5927
8700
5560
5537
5023
9369
6128
6565
7066
6938
1053
6144
2845
8135
2727
4981
4893
3023
4336
9933
5814
9120
2908
9731
7596
946
9314
6918
6591
9828
9465
6101
8108
9012
87
5683
3310
9870
3349
9962
652
4726
7079
7683
575
5972
177
7564
6832
7051
1749
5642
3926
2706
7414
4055
5953
5866
684
5608
9543
6103
5248
1695
9776
1484
7453
1657
4411
1250
2520
9813
720
3214
1073
759
1087
9943
2667
2154
7215
1380
5076
3796
4464
5101
5173
8654
9904
2224
6601
2677
2132
21
8973
782
3830
5389
9386
2275
4121
6130
8427
4465
4763
1439
1853
6689
9727
5067
8325
8563
8446
6084
6147
7678
2766
3893
6200
7369
1365
6496
6647
2185
243
9779
2275
3341
7750
4984
9556
8577
9482
9811
4588
8467
6210
3335
8761
651
4431
2127
5157
8557
5066
7517
1538
9659
7048
9517
4914
5039
4687
9513
4832
5685
6851
2111
945
1613
4316
7147
2282
8011
5092
1799
9780
2413
6830
7935
9139
1227
9475
1433
6798
4140
897
2362
1549
2036
7019
3776
1680
3494
5366
5193
7745
9468
5080
9860
1017
9625
2357
4040
2753
6147
2555
4015
1779
8519
3698
6144
2149
604
2013
8652
9932
8313
5816
26
3439
8521
5684
2729
7846
5554
9427
6831
7190
1983
8173
6908
6021
777
8924
421
4810
5239
739
8438
8732
4070
7390
2633
3450
8225
9602
2763
8572
2709
2289
9459
54
8838
5653
4864
6941
7123
1186
9836
6116
9710
662
5579
2003
458
9241
5142
8822
367
3059
8381
8005
4655
833
8002
2667
5337
2922
1157
7647
7800
723
4730
5176
1871
8364
6894
1012
3192
955
4186
9933
2801
5256
5557
7100
3971
9378
7089
5154
5262
8199
7234
9542
5198
7107
2055
167
3598
4303
4136
8444
1003
3698
6014
759
5397
4845
4122
288
837
2043
6786
2389
517
841
5299
4834
5313
711
3750
9307
7595
6449
4272
2662
5161
8014
2036
1998
3907
8584
5742
5403
4182
179
1480
8233
8516
3770
9829
4154
9054
6203
3832
8333
8350
4936
9652
1989
7722
3098
4072
4644
4593
1226
3521
4830
844
4615
611
5911
3606
3355
9057
488
2317
1813
8001
396
9086
7020
3577
5063
7594
6166
6802
7942
3988
5278
6326
5015
1950
2764
3893
3475
8638
9211
305
399
630
861
4154
4247
4281
9716
9395
5372
5236
734
1868
2625
8348
9348
4266
846
8065
4201
1019
8713
2172
9854
9391
4308
3252
8047
4411
3003
2260
4323
672
9855
514
4629
5319
5588
4129
3873
1790
6790
5451
1441
6345
4941
863
6195
4599
2362
5497
301
3092
3065
8302
6801
610
8561
3964
9802
7243
8466
9119
8832
3150
5469
6008
5071
2477
3632
3510
4919
3735
3622
1661
228
2050
7448
7525
3084
4871
3352
7091
709
1233
1642
8126
5425
1821
6937
4508
6435
2600
5975
7694
7803
63
7533
2064
2623
8534
9694
7453
5698
509
6856
2911
2295
2188
3638
4486
7962
8333
4149
2119
2395
1160
960
9816
2991
9862
360
2715
5126
5692
4317
4889
4816
4542
831
4254
6801
9765
8154
3130
7677
6276
2501
4926
2209
5092
1804
9950
6252
3104
2968
4834
2833
5955
9637
3140
6753
3070
8049
3100
9300
8277
5621
4786
5495
5992
1945
1115
65
4405
7912
8175
1226
8374
4482
7007
7992
3006
9565
3588
9761
11
1944
9958
9787
9927
295
2478
5608
608
7390
7306
4344
8136
1680
9302
5836
5844
3776
4551
3589
9362
4193
6683
3491
665
1056
9928
6348
1728
5791
1620
8583
4068
9508
3858
7070
2150
1158
2002
1894
8858
7459
7377
7319
9135
1603
9790
3388
558
6812
2675
1498
9840
7477
8174
7291
3341
3676
5883
5215
4108
7338
8125
6553
9800
8022
6332
4146
378
1206
8128
8779
4835
2812
6675
5469
3550
8660
2578
3562
7468
2101
9925
702
7780
1593
4241
1942
6958
6184
410
508
8059
3065
1331
5904
1986
1579
7410
1681
5804
620
2975
5348
3714
1788
4909
9685
5921
5981
7727
4074
1900
1692
3411
4081
2243
6308
4498
9721
6415
7277
4839
140
8163
5376
2389
3806
2240
2445
6268
5766
6969
6581
6834
6035
1230
2936
5750
7492
7578
8002
6101
1282
2787
1720
2727
8722
4485
1700
5979
3631
7931
8810
8584
9657
9266
7895
9670
8483
1528
3779
6856
9449
8871
345
3568
8356
8782
8111
20
461
1073
2381
6500
7653
6929
1090
7908
2767
2427
6794
7145
1085
7944
8121
4273
1500
8003
7343
3984
9721
6727
2481
9245
2115
7624
5311
2991
5687
6291
17
7513
201
799
9479
1974
9257
7621
6780
8150
4444
6884
3701
3722
4449
9965
5216
9137
7057
1687
4469
3237
3605
8933
4737
4975
9355
5798
2940
2894
7090
1667
2674
2103
5200
6572
3110
6768
1994
2142
5976
5119
1544
9747
1600
1863
6710
9989
6159
9122
1129
1705
9117
1859
8732
7756
286
234
3529
3352
2836
61
5274
9962
5644
7025
361
6549
4891
8157
6060
5928
4688
7578
5655
4981
3640
9079
2537
8013
8943
1075
2474
3713
897
5605
8854
423
2227
2260
5037
2998
5151
8034
4315
3094
9631
9745
9900
943
9323
6762
8946
2674
6610
1564
4921
6492
1849
5933
4726
3873
2760
3804
8368
4023
889
9101
9899
6926
6842
2763
442
3215
2061
7550
7934
13
3220
3608
5639
7004
1768
5874
7044
2689
4859
5167
2400
4634
4853
7825
219
4668
9423
6071
9594
4465
3350
3813
5057
5588
1445
871
5294
3709
323
9908
2158
2602
6197
9340
1248
7755
1960
414
5291
1091
6966
7034
9874
8611
9024
4393
8260
4146
5705
9701
7442
45
8529
4230
3694
5037
6847
5335
2087
707
1059
8178
8755
3669
1701
5603
1474
9889
3324
7628
6928
6577
1618
1855
6383
8860
1233
6118
7658
5160
7228
6425
1925
2756
909
9225
434
6835
9648
8545
8934
535
1546
2669
76
1491
2781
7587
4932
8622
2063
2777
4763
2565
8443
6966
5885
4469
213
6679
5765
8622
5155
2636
3810
4201
7775
6935
3589
2073
8117
1086
7122
8948
2782
5546
8257
968
8444
6010
8773
9868
3754
8561
4799
8821
4777
8995
9562
5522
7642
8506
8162
6896
1189
5184
9483
7438
7324
1287
9155
6726
6310
414
5818
6917
6322
4520
4791
9394
2472
5794
2867
7510
6978
9944
2083
2544
3437
7318
2441
5165
2218
6238
7328
8744
2881
7717
8586
7701
8525
8743
5014
7943
1915
9237
5716
4774
3905
7651
6626
4091
4513
6477
1465
748
8981
3379
2672
4065
9338
5195
8771
2798
3390
8792
2698
5033
298
727
8762
1583
6434
6577
7100
9010
5471
1463
744
7653
8461
8502
6672
3027
5264
8266
3730
2144
490
6860
6829
6362
2750
9821
6818
788
4658
1423
2445
8440
1948
4675
7894
1874
3156
934
6122
5390
8052
7328
1509
9751
7048
8796
3489
9202
8236
1123
6603
8866
1985
9635
2407
2450
1008
1229
6446
6189
2987
2140
3286
1289
7397
4425
2313
5276
135
5432
4355
3426
8473
4113
4065
1481
4938
454
6711
1984
6245
9109
4436
3157
4244
3375
5741
4009
6600
3719
6214
5505
1208
656
7039
9612
7734
4515
3789
9992
3225
5756
957
8305
1368
5936
9143
2716
377
683
3495
2201
7581
4427
6189
2347
1025
6392
6218
4611
1122
577
634
1995
5866
4313
4027
9357
2757
8812
9043
2681
7449
9857
7379
3741
1692
6493
6578
1315
5440
2411
9828
9708
1912
9764
1708
2390
882
2776
3472
5957
9410
9565
4845
3877
3080
2332
3185
7920
7416
1518
8162
6516
6166
8944
2949
5905
7470
6380
3707
2261
1232
2688
4586
5757
3725
5903
2578
2181
7230
860
6699
2685
1124
3065
7949
6960
2292
9046
5010
8918
4599
268
3586
3445
1316
6566
9294
2368
3781
3682
1280
4944
6858
5214
365
4881
3449
5558
6588
4783
3958
5723
500
7249
7504
1695
7815
7377
272
3904
6392
9839
9866
9357
1938
9247
8583
438
4929
5785
5550
5464
8386
417
160
5407
38
989
9264
9393
9580
9233
9860
4831
1645
6232
9997
2563
201
194
3986
250
8594
1530
5697
458
2752
756
8214
7044
9916
8240
4662
1493
7711
1298
182
9273
3018
6358
8688
1368
8942
7854
8775
7975
867
1911
460
6460
2714
5545
2009
7682
468
2537
2263
3694
8505
2487
8427
7667
302
1075
4978
5998
365
3182
5017
9745
1709
5906
9822
6460
4038
1217
954
7883
9816
6575
1870
2091
23
7360
8829
391
8110
6283
7808
6076
1462
197
7964
7726
2091
1261
4148
9754
8770
465
814
5395
5860
507
5373
7313
3331
4724
4558
8557
7313
4695
1342
288
7412
3466
7600
4931
6957
9539
8550
3050
3922
8599
1614
9134
3685
9981
5119
1723
6997
5044
3472
4681
7334
3901
2438
441
3694
5931
7361
9418
7963
7770
9400
7659
4636
7088
6273
6188
5216
6330
4449
3073
2717
2027
5751
7434
9337
6357
3455
5794
696
7900
592
7570
8912
8635
6983
8632
3262
5873
9086
1186
2958
7571
953
2078
1464
7245
4438
4713
84
7516
6357
50
9309
3515
8040
5073
3252
2390
2505
4831
1119
7132
4954
922
6699
7
6113
947
4223
620
9257
7886
6081
6904
3608
8781
6966
2138
4159
7906
3768
8689
323
2357
2126
6722
882
323
3266
7158
8731
9641
7428
3001
6203
4388
6253
8467
5492
8370
8401
4823
1678
7437
9035
5152
9932
2857
2906
2895
7014
1658
814
6183
1369
3515
8733
1853
8302
1069
8670
2401
3787
8199
9750
8287
8244
8644
7516
4107
1279
3926
7265
1712
728
705
9006
7721
1263
7714
9879
3134
2862
2482
5837
8330
4457
1302
8254
280
4108
8133
2365
2780
5376
6928
3682
4210
1881
8800
5858
5561
8712
2211
6729
6248
8514
1444
8139
994
9161
3166
7936
3499
9237
1612
6523
4397
486
9712
2361
9624
367
5335
5323
3186
8140
3233
6262
989
9583
7881
992
4987
6229
5187
1172
4533
2919
3491
3851
2260
1987
205
8614
4174
4226
3583
491
7742
6108
3219
4574
3866
3527
7068
5183
7487
565
5008
6788
9781
5157
7725
9727
554
5351
1289
6442
1516
5338
8227
269
8658
4849
9857
1383
8088
1666
1732
1389
5104
5738
6198
8885
7798
8367
9296
6799
8009
4241
6385
9508
881
8605
7898
4662
280
5239
5051
6775
6383
2348
3283
4767
2875
1245
7332
7611
6844
6386
3461
362
8114
8108
5151
4512
7424
2410
6820
1223
4752
4744
8942
8724
7335
162
7698
5383
2506
2215
8858
5243
818
4444
998
6929
1688
4794
6819
1794
5473
7154
4202
4704
7014
3142
5080
3545
9211
4683
1636
5042
7676
9294
20
7729
5387
8357
6764
58
9710
9154
2218
4955
2324
7879
8503
4889
8886
1041
6482
2076
1033
8171
2270
7451
5058
9112
7226
9173
2628
4979
5411
9575
2034
7426
1164
6846
2497
2564
6523
3102
4600
370
7310
3638
4039
9817
4001
6559
5
3177
9067
3565
9984
5916
1623
5418
7292
523
5448
8803
1760
2638
7125
3494
5819
9064
8468
9955
440
7177
9193
3964
4010
4912
4066
4774
6571
7684
8537
6675
4045
6798
2612
7254
6779
2503
1794
8483
5568
6282
5740
7566
999
7553
3819
7764
9106
421
8934
172
2760
1140
1075
4088
4955
9674
9989
1740
9608
5407
7950
5035
5362
2437
7662
6984
9194
8666
8950
9348
7511
7153
9387
6113
8213
4637
3125
8208
6400
450
7205
7738
4297
152
4627
569
9012
1206
1825
5291
4735
3269
5825
5942
8252
5528
2250
5715
2830
1187
4409
7035
41
526
373
8440
9086
5679
7153
4446
4577
4844
5537
2495
3871
8180
3687
2378
9881
9797
5493
3250
8216
9874
2933
1366
256
8073
9451
3736
1580
5640
6509
1835
3985
6036
7584
4193
8054
469
4674
9523
2716
763
871
7942
2315
6335
3465
663
283
9138
3294
743
3529
4752
6291
4326
4781
1054
2770
7517
9278
3442
7576
5086
9238
4050
8724
8007
3983
7156
7152
1859
9892
4483
6701
7304
8617
2708
293
542
1448
6874
943
3655
6109
2990
9022
3162
8680
9781
7399
3635
7199
9755
7814
7407
2098
5543
3700
5749
296
5419
6727
2405
4280
5499
9699
2297
9088
2729
8637
3525
3749
6722
4820
958
643
1132
1348
5097
159
3211
5746
2947
4530
3395
3806
6544
4431
9464
3930
7319
182
7911
4728
7623
8804
2402
6666
644
839
1726
8287
9926
5833
1817
6969
6297
3530
272
8383
5385
3202
9971
7482
1054
5519
7763
1727
1931
5794
3013
5744
7425
1477
4936
6932
1744
1364
6685
6438
5624
4220
4665
222
5605
7078
4382
8011
7717
3582
3090
4222
1716
3618
3067
6335
8896
1683
9068
9277
8495
3355
245
8285
2870
6865
1561
5538
3901
4090
6499
9832
3
9977
2620
978
411
9396
1381
1515
5993
3786
5871
6944
1697
1643
7929
1791
6489
2760
2714
1388
2346
5907
962
2105
6952
9705
4413
752
1052
2205
5583
7381
3781
9420
4176
6945
5584
6354
4421
2302
4353
3347
2341
2735
6784
2084
7120
6180
7291
9877
1066
5129
570
5590
5757
5483
864
1193
6853
2909
3625
7354
5130
892
7195
9574
406
4040
8005
5418
1444
1532
1018
5200
3425
4780
6201
7287
2834
6747
1615
9344
652
8192
4166
1903
7711
8088
4973
2656
5047
5110
2076
1244
9561
0
7375
4831
6199
9445
9836
3145
4308
3332
7012
5695
7872
9099
8092
3021
4233
3769
667
9271
535
4949
334
7265
6681
4017
2473
9039
4429
5083
1529
1926
6684
8341
75
6955
1500
7714
3135
2668
8348
9134
2311
1472
2888
5924
9142
6349
6403
7372
2663
7064
785
9161
7203
2658
715
3455
8066
1803
7003
6970
120
3759
1274
592
9861
8024
1107
357
4369
3790
4783
8909
6209
1236
6358
7455
6106
1417
8114
5393
8777
7484
1147
4415
8914
2479
5618
131
9320
315
1849
8173
1914
8507
8126
3295
8435
2088
2220
311
5707
7069
8638
1869
3170
4432
4088
986
6877
8319
877
5319
5398
5428
7875
5903
2248
7552
1892
4255
1251
8453
2858
4572
4398
1579
4814
3842
4159
3751
2861
2939
9218
9657
8712
541
3093
9270
8863
3292
2348
8804
8488
6298
8543
5334
1986
7853
4916
5933
1429
589
5969
4767
3482
8137
2353
2435
1419
4869
6736
4648
5579
2216
8413
169
2533
2152
6365
1535
2848
8279
6089
1597
3195
66
7059
6809
9764
7317
9868
7579
9545
3149
7627
4939
6400
250
6907
8146
433
4092
8339
5932
965
6282
8658
8266
4971
642
5555
6289
2782
4916
8363
1116
7027
6125
3387
9978
6556
4497
9028
4972
9898
8584
8435
2197
544
1721
2191
7863
8751
2557
882
8126
4257
1256
2418
8249
2139
1771
6987
9528
1997
4921
1392
2930
5722
6257
9651
8840
2590
1959
3864
476
8546
9937
8677
9105
1790
457
3344
7797
8787
6259
4029
1717
9262
233
6600
6745
2337
7261
5812
2322
4491
6754
4036
7430
2467
5310
1821
106
1320
2757
6386
9137
5956
5043
7341
8239
9867
6842
2601
3083
9061
1828
5428
7306
4007
1359
2587
4045
8658
7089
7583
3336
1647
6148
2033
6502
5355
2626
3515
8402
4077
118
4470
4160
1343
7016
6650
3584
6031
32
498
1783
1040
9313
1550
8052
1025
20
1335
5332
2427
7514
8527
1021
6240
3052
5620
3278
1063
898
8945
1097
1542
7002
5994
2372
9698
3305
4736
9887
113
9859
6735
570
3822
4002
2177
822
3025
213
1209
917
5814
844
2375
2452
7171
9784
4334
9745
8638
5076
9241
1552
8951
117
6595
1548
1664
3719
9508
375
4249
5714
2227
6405
3840
2732
3095
1913
5066
5103
5927
3766
9382
6901
6333
9744
1191
9855
2998
9948
9148
8304
4880
9012
6438
6599
1449
9207
2916
3533
2410
3841
4412
5452
1040
2158
8886
6806
9629
4577
1112
2947
1451
9516
6631
5084
501
382
5722
1927
8247
1562
1863
931
590
7990
7103
380
7748
9592
5080
4110
815
7504
8077
9563
2543
6574
242
6104
9158
4160
5572
6588
3722
8974
4700
4572
4695
7844
4742
7879
8227
2875
4054
771
9866
3697
9917
7116
3084
6225
941
1843
9669
8899
3327
8036
5862
7358
7780
500
5527
6123
1273
7205
4147
3352
9841
1174
5992
2084
448
5289
7616
1668
8308
211
454
7004
8629
2873
2651
3441
4926
6213
6672
4217
8134
4347
7341
7262
2079
170
7219
1871
9706
3765
9284
618
3524
6995
2101
4887
6357
7082
2930
666
3432
1383
9359
3900
8564
5276
2234
6048
6716
5972
9951
9062
9555
8732
6303
9474
893
5157
9757
6334
6505
7084
8183
743
9785
502
7717
3649
7517
1967
53
4671
9017
8304
2558
4643
8373
2989
8054
1848
9092
6525
348
7054
9444
6357
2851
6837
2422
2865
297
5321
2726
2627
5512
6959
6836
5946
5490
7629
7003
6006
2776
546
284
8857
6711
9206
6808
4472
8595
9030
5685
9863
5187
5933
9518
1461
7406
3299
2708
7252
2867
3214
8001
5874
8571
2288
97
8992
5591
7794
6693
4057
9334
7130
1614
6760
9949
7166
6797
9446
5086
711
3418
1218
6542
898
7439
7299
2225
8506
3030
9322
2554
7011
535
837
5340
7016
6752
2116
4141
561
9776
9947
8266
1663
365
690
761
5350
8775
4361
262
7248
2641
9576
7624
9382
9478
2485
1695
2308
7929
7871
9801
589
7043
2880
6058
703
3995
1569
8103
7506
2682
720
2101
2884
1157
8780
6679
2175
8355
4241
7230
3106
9693
3236
7689
8177
4249
5238
3064
1539
9680
8653
1859
104
6529
2913
8076
8561
7089
6954
1991
5875
6993
7043
2200
5025
4002
9441
367
8562
5802
8185
3463
7853
8548
6484
7819
155
651
885
9878
1769
6552
1170
3086
6331
7855
3153
2235
8149
4846
1294
6949
2438
9938
1976
6341
8449
1380
1035
7468
3778
213
8350
5408
7365
8042
7262
701
2572
5067
5109
4802
594
6271
5758
8033
9529
1704
7799
7775
3817
2225
9806
9469
3774
8291
4650
7103
1956
9384
5872
3181
3062
187
5182
2335
7147
6675
1014
8344
8507
5032
741
1270
4670
4079
35
3904
7429
5165
7660
5130
2928
6926
4985
9552
932
9612
5951
7020
996
6020
8773
6155
763
671
1145
6609
8074
2132
4961
1065
3058
945
5634
5523
360
1436
913
9345
2265
683
3754
1756
1319
2781
2579
9204
4765
7555
6169
6911
9935
8091
1251
6952
6130
2089
8984
3024
2758
9026
1113
9459
4730
447
7143
8964
5207
3657
8320
7903
3087
4524
6356
51
1272
9253
6345
6576
888
1035
9707
8423
60
8321
5877
848
6820
237
7291
5771
7916
3858
4672
4923
7629
8622
2366
205
7405
24
5293
3255
2383
7361
434
3003
6541
1850
2249
4206
8969
2196
3303
2980
4108
6386
2962
9381
6722
9607
7079
6699
6346
8632
4559
996
1485
4098
984
8167
6053
7212
4868
5622
305
9775
9817
7729
5557
4918
8175
4405
7730
9090
7794
8782
6035
7962
2873
8491
8411
3879
970
4509
173
7910
8400
9928
6785
7606
1525
5178
7705
9490
3067
6491
2597
8208
38
1673
3508
5519
1337
8550
2504
9261
3302
7427
2628
6852
563
181
4279
5880
9937
5496
7479
4888
4724
9101
6472
6076
6971
4828
9127
7781
8030
7347
5181
1304
4872
5314
8144
5945
6533
7303
1342
9557
1639
3194
963
2495
3081
4957
438
9654
1046
429
3727
4922
1487
4125
8183
4874
2876
9153
7538
8097
9752
8650
3176
2835
4189
2162
2946
7886
6675
4321
3682
2131
2622
9326
9853
9223
2684
6800
586
4587
1530
1112
7694
5128
1563
751
114
2868
7237
6608
2145
6217
9868
6934
5653
8830
5985
2192
300
360
4576
2622
7025
6021
7982
8730
9351
7106
4761
5078
9538
8218
69
2570
8850
3330
4397
5848
8034
4872
6368
5847
3478
4420
5261
4945
470
5930
9990
3551
734
3882
9209
7025
3924
878
1512
670
357
2057
5071
8307
2510
8008
9569
806
6195
8629
7205
2751
4990
2826
3536
5987
8181
8290
8978
7822
7037
1356
1371
9106
4603
6189
9845
1027
543
7057
5733
6647
1536
2218
2600
5254
1363
7998
9044
30
3027
6606
591
7831
3476
5913
3624
6414
923
801
1150
2764
8535
971
6818
2399
791
8063
4280
4806
4254
5039
7627
6250
3547
5229
753
1804
1931
3212
2551
3163
4992
6006
557
4051
9437
5015
9435
9062
6708
3489
6343
7309
3586
317
2987
4364
1249
6515
747
1671
7318
5529
1537
7515
2241
80
5869
95
221
6511
9551
7254
598
4099
2547
8351
7168
8940
6561
33
1688
2552
900
2470
5038
8381
6799
5436
5157
4682
6452
9827
7969
6485
1718
3446
1751
3901
1024
1833
1387
2341
3159
2520
6416
9258
3407
7609
5711
6125
9664
2169
9614
4932
3908
8653
2657
4921
5457
3423
4723
7861
4853
3378
4884
61
4092
484
1754
3468
6447
7729
6460
6740
3388
2600
7830
9997
7225
5823
4943
2233
3817
8006
5412
3612
1513
3686
5591
3655
6416
4767
5143
6777
9548
9791
3817
4200
4910
2730
9673
8961
4900
3464
3996
6348
8633
70
3097
6671
312
7401
7268
32
9061
3116
1424
2243
691
6745
2093
1551
4646
2473
5083
3525
909
7609
8838
7204
6285
6730
7331
1692
