879
761
799
798
460
5
750
947
868
662
830
510
892
35
581
11
50
832
621
860
793
146
833
440
382
457
466
418
77
704
68
570
791
930
657
892
876
555
38
285
195
796
658
597
121
272
930
296
649
317
406
558
245
40
725
57
613
663
734
227
20
158
686
293
346
731
927
833
511
168
974
168
429
584
394
355
161
607
385
63
405
518
471
119
994
390
213
993
549
752
345
22
950
809
238
636
768
748
104
379
341
167
840
997
614
150
917
392
434
27
236
691
431
349
330
254
156
96
847
856
625
676
695
867
929
722
780
683
60
222
719
194
623
31
449
583
572
272
139
224
642
675
304
966
621
377
528
580
129
214
705
656
54
43
212
731
299
117
900
921
5
49
330
849
895
395
146
139
908
387
3
275
769
850
943
79
650
828
638
620
592
958
398
812
832
117
353
488
686
373
716
246
169
782
529
820
976
50
808
288
8
586
482
872
79
7
36
628
974
583
269
806
506
698
69
148
734
816
609
920
994
21
877
958
900
631
938
492
969
943
843
57
40
618
582
249
120
757
998
617
831
180
57
473
111
959
389
895
320
720
500
716
411
753
565
764
325
461
211
152
254
179
188
879
952
888
338
548
717
869
776
457
239
811
673
863
930
422
564
690
927
58
577
468
404
413
491
779
354
794
32
997
496
17
314
596
473
456
820
816
981
266
849
964
999
327
817
125
767
926
329
576
677
722
424
678
723
5
899
522
678
807
118
128
638
874
222
452
115
39
125
6
300
29
224
362
692
233
219
315
708
466
951
3
471
255
656
751
399
686
563
919
768
335
216
554
907
322
445
101
169
10
383
978
347
394
442
279
680
693
645
393
119
192
228
827
992
860
919
0
742
771
791
302
878
868
105
188
809
89
46
602
710
400
756
498
72
755
575
750
108
524
886
226
647
410
489
309
704
393
889
645
346
732
418
410
42
554
593
852
133
62
620
419
592
893
437
237
711
660
225
218
899
203
769
589
222
585
595
117
852
370
274
811
85
195
812
387
75
195
523
271
949
281
293
424
451
833
650
775
778
815
527
530
762
858
151
161
54
335
938
326
464
959
815
529
115
944
875
785
576
250
767
80
607
943
724
895
704
216
649
595
68
81
146
941
182
279
920
529
634
436
441
417
346
988
281
737
873
919
36
561
921
835
227
817
740
403
100
516
550
698
721
89
660
476
278
111
430
908
994
185
735
819
558
277
88
938
476
278
76
215
259
79
271
721
840
929
260
170
142
375
968
590
183
553
912
174
651
106
554
846
325
527
411
574
275
199
60
950
231
904
724
85
35
107
565
337
571
766
363
911
100
971
720
858
385
192
464
505
524
399
387
849
893
861
997
944
108
881
415
818
413
271
98
937
390
823
527
767
417
587
524
448
758
205
347
126
707
114
236
956
688
870
541
328
712
398
109
331
106
432
84
994
915
941
758
336
880
808
659
750
408
556
500
760
429
387
174
674
560
336
433
171
464
804
409
353
826
254
646
290
849
361
782
585
666
383
549
3
592
52
245
685
602
744
329
982
958
230
305
436
386
780
536
947
704
893
167
649
310
455
786
535
446
587
4
355
624
973
594
814
144
948
351
624
91
127
332
406
721
858
625
6
660
274
312
240
793
234
771
596
272
929
989
936
539
435
27
724
778
992
299
805
687
297
824
276
997
589
109
478
626
797
803
632
887
552
805
162
646
332
958
231
848
514
998
518
302
635
909
769
149
627
350
163
900
308
293
6
473
919
542
802
111
981
286
217
602
257
345
981
710
97
248
250
209
951
833
462
439
325
489
222
788
974
717
235
996
594
166
837
706
812
794
139
146
750
305
323
374
933
538
120
962
845
940
0
554
888
801
108
186
48
387
473
780
32
647
524
719
174
635
447
910
871
310
405
234
850
870
167
802
36
275
160
912
301
116
489
116
882
485
950
309
752
4
566
238
707
672
688
343
474
671
169
332
603
816
672
405
435
774
623
515
925
728
838
599
592
638
379
157
393
752
637
107
795
525
204
309
813
603
541
674
327
28
993
253
422
319
169
224
63
590
219
175
865
348
46
596
254
150
988
972
789
750
978
408
937
912
742
170
68
533
54
49
971
239
568
980
650
107
281
785
699
672
141
475
29
870
834
4
229
77
292
885
343
908
934
574
347
912
197
27
98
837
355
337
51
621
196
856
513
750
550
716
714
158
232
139
495
307
407
459
864
626
920
254
235
936
627
497
599
50
237
123
433
170
727
937
618
270
835
253
143
99
672
173
886
