8807
3537
4321
791
8678
6834
798
6965
9225
352
7677
5297
3516
1045
626
4195
5083
7048
4035
9115
6703
7602
2487
4373
6214
1825
5705
4578
3466
4142
3503
6012
7429
9191
2330
3263
7550
4005
9949
1421
8407
308
9833
9157
1724
4705
1822
2992
4821
9600
615
8069
9539
2657
8661
5741
726
7596
4997
3292
8336
4158
6617
6094
2191
39
3916
7523
3504
2609
6776
6933
2179
3233
2870
1021
3990
1994
4724
8876
6681
5648
7117
6027
9052
6607
1373
7823
2101
5770
8115
7422
6272
7024
5029
8742
3886
6201
1220
9645
809
2335
4709
5708
6412
4011
4632
9855
5910
8620
4717
8194
4112
7344
9588
7348
4669
3672
462
3609
3864
8264
1810
9218
3029
7976
5527
6085
8621
1858
4197
2270
4047
1936
9991
1519
2291
1590
775
1190
3397
9349
9997
8861
5879
900
1888
2952
6128
7137
8576
7654
4858
1056
644
7489
4675
1315
7714
1819
7813
5256
613
4599
8114
9226
1676
9701
6313
8981
4769
7117
2671
8013
1570
351
6054
6592
5688
323
3480
9347
1175
6072
9235
4188
6993
7610
7588
401
4005
1200
8193
8702
6045
2397
8218
1083
1633
7150
285
3256
7895
6291
271
7504
3259
3703
4025
8760
475
3504
7090
1711
6534
6542
6459
1765
1045
1517
8461
7661
9626
1047
1805
8566
3886
7990
9877
3447
4541
2327
1331
5550
9248
3930
3043
9779
1697
1515
4492
5802
3546
3105
7632
4701
5740
8305
1310
1952
800
7708
4297
4579
2617
9740
6005
5279
5338
266
8926
1321
7894
5252
1884
1062
5735
1813
8149
5854
6330
7951
7468
184
9
6296
6098
7850
2692
2164
3876
6978
2072
1244
2415
1706
3830
7225
3462
3335
9418
4679
1508
8769
1997
7511
9691
9051
2073
8283
3060
5810
9415
8736
8276
8430
2788
6809
3786
9754
4100
484
9562
3136
8486
3749
442
8654
6930
5006
2156
1293
2955
3242
4082
8919
9967
2250
7809
2841
796
8244
5564
8792
6024
1156
7554
1130
2618
4941
2312
8072
9489
7195
9082
778
1480
3408
6322
4096
8394
6154
5381
1772
589
4531
3417
3961
7734
4179
4613
9816
2248
3164
3758
3003
4039
4064
1252
2934
8046
7548
3602
9526
1194
7786
8465
4323
304
4971
8308
5769
7510
5299
1742
1454
4775
3686
6595
5147
4040
9570
3784
1424
4586
1073
6053
5713
4157
7870
632
2555
5431
8052
9894
9898
4367
9310
9050
2247
2021
9749
4967
473
6382
8635
5159
1084
5778
2409
1013
2792
443
6257
4321
3176
3777
6563
1171
3252
9887
4550
2268
2769
8946
6435
3739
4035
6966
384
7490
7095
1508
5614
5179
4070
9924
3919
4862
5468
1677
8964
4377
6273
1308
3638
531
4644
3605
787
8150
1013
7547
7642
8049
415
576
9242
8002
5846
9767
1186
5751
5468
1451
7003
8136
1484
5862
469
5395
3476
8363
8177
4708
4031
3816
2671
2038
9464
5664
1465
6336
3452
6273
2246
5173
6395
119
9583
5858
8301
6356
3457
1111
8033
2352
4915
3341
6702
4737
9167
6613
8042
9540
1437
337
3568
7961
5879
3773
5332
9360
2876
5390
4086
8011
5024
6152
5670
5184
7126
797
3436
3132
498
6159
9521
2523
6910
613
2772
9901
2457
3685
6158
6723
6696
9911
1449
6546
7347
5985
4011
1912
5862
5286
5496
7517
4202
8813
7266
1193
8105
6619
2345
9306
7178
8800
8721
8090
7112
80
1808
7517
4344
7093
8883
9242
8469
2385
3302
5189
2720
4233
1322
8353
7827
6309
9326
2363
9566
6290
4273
1382
5316
7439
5188
6902
9923
2247
8489
2990
6207
2184
4983
6564
398
2628
1335
4238
7832
7032
3815
2322
9209
9387
7150
1526
2739
9058
6280
2932
2468
7036
3841
6797
8115
7683
1185
756
6724
5029
5739
8975
1444
7679
2533
8830
7751
1398
2697
6663
2424
3432
6743
9186
5586
7632
5444
2088
1128
4442
6127
2421
5820
4810
7184
6299
2425
2088
8622
8518
7135
986
1453
5607
6634
7634
3759
8918
5095
9822
6214
9285
6446
1481
4899
9837
2185
465
4213
8510
86
3686
7697
6837
4096
8689
9577
6561
726
5708
4842
649
2271
9272
671
262
2149
3426
7023
4242
2688
9628
9193
2681
664
1387
161
1141
903
4694
5530
7071
3269
8324
8884
5001
3335
3060
359
2065
2067
3906
6256
423
4811
4351
2497
8128
4927
6747
9747
5029
2349
7863
3003
5244
2403
3670
3469
2780
5200
2442
5531
1866
892
205
6643
8546
1137
7622
2930
5112
2052
2356
8334
3926
8995
6001
97
2205
8466
9603
8420
4320
7457
6880
3077
3176
5553
9162
4825
7247
97
1142
4414
4803
9736
1490
6993
1919
6664
7387
4755
5809
2854
7050
5610
57
626
9313
702
3306
2826
4310
8591
7965
2958
4349
8909
494
565
9007
3295
9846
2179
3541
6438
5600
3144
4652
5012
2378
640
2680
7359
2080
3205
4287
1681
528
7071
4689
5601
57
4632
3498
4871
4629
5358
3251
4056
9027
4454
4665
7007
8695
9593
7698
9926
1790
1019
2476
4846
9992
5355
9139
6329
9659
8402
682
9205
9863
7257
7844
149
8897
7069
108
934
5790
2725
1879
6138
8414
797
7904
3148
4724
2048
6985
7264
8716
9830
8060
9699
7647
4658
7713
1318
2093
300
3161
9903
5397
1675
9808
3764
4073
9886
7394
9519
5737
4692
3839
6837
6111
9732
807
7974
1676
817
84
4899
9535
2606
4816
1839
1037
3962
4664
6039
743
7321
8963
4558
7280
2378
6919
9923
7652
9394
8925
2422
1572
2451
8050
1897
7383
7960
5769
6797
6106
8734
995
3342
5216
8939
6465
2597
8671
241
1566
8266
4782
4448
5638
3018
8474
2983
831
6168
9507
8466
8578
508
3210
8759
8742
1127
5308
8747
5498
3996
7382
195
9025
7165
4541
4985
7045
2367
1869
2033
5309
9840
1192
3227
1051
4191
4752
8666
8508
4103
7326
6539
546
3700
3377
7936
5459
8395
778
1919
3014
3010
7683
1162
8795
5004
4105
3459
903
602
4765
9439
8090
6660
4774
1764
3378
6048
4700
6170
2230
9395
6611
9611
9333
984
7614
5861
3056
1633
2497
3865
1649
6343
2003
9154
241
9556
8314
3644
2699
5823
4305
4120
7422
8691
8135
4731
1107
5623
9719
3797
9586
1772
673
243
9757
411
4272
9980
1704
2837
6981
7536
5049
5558
8147
3257
8608
7582
9387
1379
7408
5609
247
9303
6129
9957
1698
3361
3041
9011
4018
1413
3479
5027
640
7559
6946
9092
4516
9298
6881
8063
8558
2448
7170
1284
6733
4118
4456
9904
7357
9071
313
6603
5162
9774
2350
8548
3698
5449
8292
1372
4622
446
2125
7012
5448
7244
6343
3201
2322
4385
9383
7431
9369
4676
2283
3210
1189
3946
3655
1407
66
5687
7015
4511
4433
1884
9534
6613
183
5352
6288
6927
1367
3887
9050
9646
1849
1547
3702
7975
4481
7371
5314
5123
9368
6860
4970
89
7761
6513
7392
1040
3173
6756
3422
4101
6256
3545
6442
368
5013
3992
6765
8959
6903
6290
3096
8906
4404
9280
5089
7713
595
1951
6093
9384
6321
8201
127
9736
5502
7154
2161
1813
146
4370
5760
9203
1639
4233
7150
86
9859
8850
9778
9815
6691
3769
8416
4834
5490
5815
6885
5778
3078
3381
8452
2520
5807
4463
2960
9028
6280
2766
9772
798
2267
7185
562
2710
4403
4984
1044
108
4207
3973
5688
903
9004
4003
4474
1535
5294
3089
5781
4593
7156
8480
4433
902
1217
7974
8991
3905
4775
1807
7347
9131
8630
418
4677
6580
1181
8400
2826
8834
5355
9969
5171
2694
4929
6233
6049
7174
1818
9600
8781
5645
871
5628
1392
4962
3754
7622
4051
9370
8480
4301
7319
2008
6142
5848
5267
1828
1420
8643
2506
8726
8410
4007
9219
4723
8365
1261
3230
3981
874
410
3203
9484
5073
4771
1999
9194
2434
8859
4285
9487
7700
1832
7436
8692
9523
1818
9803
8536
7376
1437
5410
6312
6298
9822
9129
5586
6024
1455
1421
8247
6087
7141
6675
5721
3427
7414
4234
2155
4087
3699
6151
7384
5553
7546
755
2504
1303
3233
6072
5846
4122
4071
2174
2178
9751
7707
6518
2940
7429
741
1337
326
8896
7981
7141
3032
2410
6626
1390
6465
3353
719
6419
5251
7969
6153
5650
830
1828
1559
2172
1965
9541
5395
8748
977
7318
4521
3311
3507
4917
4612
9007
4635
8551
7677
2853
9152
1313
7039
2073
8806
2685
5059
2172
4340
3691
3924
5804
5117
9254
4827
6513
4161
4328
5820
6395
1422
5358
3686
1747
3072
3636
119
5769
9653
2115
7540
2379
880
2236
4846
202
9923
2351
8418
804
4967
4274
8696
213
876
9550
7629
7819
8764
1991
7323
1690
6288
8044
5182
4377
6480
1549
5879
8278
7921
4463
5445
4598
4080
95
7804
5009
4623
428
9063
23
6508
4085
9864
3187
7679
6498
1120
5125
1166
8852
3440
6519
2414
7360
5556
4065
7640
9429
2069
8497
6043
8284
5826
8703
3675
2616
5231
1035
1775
2808
1818
7849
7404
305
8388
4347
9162
1691
3017
7780
5825
4044
9273
8081
701
3104
7916
3988
9522
862
432
3706
4686
4078
9683
4197
3651
339
8009
8138
4312
3194
8075
2615
5157
2926
6789
8627
3022
4538
7600
5443
6256
9512
1482
8891
6111
2887
1932
7633
4162
2247
4269
6494
8579
157
4577
898
7059
6617
8582
1485
9228
3103
5784
2965
6332
4754
9153
6274
1020
2257
5710
8089
5043
14
8295
6771
7672
2129
3837
8803
2654
2797
8446
4765
6513
2649
4631
8935
6010
7613
956
1558
7581
1863
9459
7858
6557
1406
1126
2847
8978
9880
4754
6002
3826
3123
9498
4860
8471
4066
6427
1611
5158
4534
9393
1734
1342
5489
531
8749
1677
2305
700
4150
4489
6615
177
6563
520
1312
9918
9218
6782
251
8698
9782
3313
9220
6441
1607
5660
9747
9059
483
895
2296
5098
5927
9983
430
9526
1096
4300
2482
4945
367
9136
2312
5578
8662
1976
5716
4301
1570
8380
4027
8071
337
3270
1502
2037
774
451
8028
7653
158
8149
3730
5117
1187
3414
7034
5426
7042
3175
2746
2386
6628
4765
1722
9862
4051
3739
8672
4609
1401
1781
9678
9967
8893
2529
5977
761
1436
8120
5585
4694
5688
4265
9299
563
6666
6678
2676
8606
7967
6666
512
3277
4663
8685
5422
3795
2937
7686
7048
2739
5519
9059
3483
8040
6984
8983
1466
8650
7980
8007
6901
9225
2435
5652
2277
4117
6828
8878
2544
6001
5561
2196
6007
9440
1515
2263
1803
4702
5840
4757
524
2151
6045
6348
9539
2507
6459
9587
9602
3305
105
3511
4274
6855
6077
7782
8749
18
1452
3181
9639
1110
1831
6253
2270
4253
9543
934
7070
6473
3593
4954
1592
7867
415
3846
9752
148
9478
359
4831
3889
2826
2096
7814
9755
2602
5189
7616
4069
5629
6816
4774
3994
9093
4386
5155
2663
6412
4191
5238
9560
7341
7343
5559
6470
1374
5815
3841
4306
8514
6380
4412
1126
6464
5289
5442
6657
8312
1467
587
3637
9761
1073
6575
1277
9975
1206
3324
1174
5104
5591
8137
976
8541
51
541
6109
6982
575
9338
4885
6353
1793
8414
7303
6659
8677
2895
2857
9820
9278
2188
7649
9562
1308
1478
6143
7420
388
8255
7856
3913
2754
5406
4299
8963
269
7470
6493
610
514
1586
8352
6093
9804
9721
6273
4359
1911
3719
213
4052
340
9754
6597
6062
6938
3736
8344
4683
4669
4238
2340
6445
7363
4499
9668
690
4247
86
8893
942
2078
3744
7737
1145
2679
4030
3445
5827
8705
9274
7144
8248
5438
3435
2533
5601
1439
5411
4187
5330
5847
8374
5820
1618
5161
684
3783
6117
7302
4946
6143
1975
5778
6779
2633
5232
1751
9848
5796
2638
6834
8733
8635
9958
4419
6192
9073
9831
2355
6378
6549
3241
4785
579
1052
3664
5956
7038
9910
7951
3811
1418
2642
3018
6186
9474
9194
2389
7412
8496
1864
1679
8137
9080
6230
7046
6190
3798
1395
5717
1290
4325
4864
2607
1408
3579
2356
2124
3617
4452
7875
9213
7213
1681
4349
8692
1938
8424
138
6966
9118
4108
1749
5149
8515
5113
8037
7689
8724
4841
6241
5538
3909
4753
5131
7933
4701
2914
5612
1857
6078
1631
4067
3234
11
728
8785
8933
5731
8033
4744
3621
5386
3629
7112
560
7931
9441
8727
375
9054
719
1913
6884
9942
974
9912
4036
2715
6936
8264
3029
5331
5090
1438
3661
3771
6365
5034
8985
4327
523
8855
7329
3798
6818
1179
738
411
2487
9533
3906
3275
5644
8277
2657
3180
4115
8329
6046
2561
6809
9319
1122
7435
9157
9502
4449
9119
9209
3745
9408
8547
5925
4875
3375
996
6245
8738
3820
4044
2486
8249
7395
6548
6639
6762
1074
1477
3114
6069
9403
413
6511
9345
6930
2509
5975
4336
9870
5746
2690
7126
6075
3276
2082
1772
7358
2686
7293
6140
3255
980
5486
9235
269
3091
3542
357
5661
6750
4719
5380
9863
1508
2830
473
6558
4736
5496
8579
4506
2403
3051
8949
168
7462
4652
5075
5187
3637
8160
1295
7806
7433
5345
3409
2266
6191
9000
3617
5260
4978
3496
5074
3492
146
5370
6400
1425
2359
5487
1431
3252
6907
9347
4549
8185
4117
7105
6878
3086
7678
9852
3680
1546
3679
3737
8257
3438
8192
8476
2656
4022
6203
1819
523
6671
9689
6545
2378
8261
7686
1526
8659
1316
6133
3446
823
1934
312
720
5833
7591
7702
6191
4333
3865
4054
146
7821
4149
504
242
5154
1414
4527
9877
3665
6089
2559
1581
5229
9111
7087
7005
2587
4217
6023
27
6230
8538
7183
4594
7160
5550
5666
3810
5852
9461
6963
1870
2711
5074
3598
5387
351
2213
8119
5668
2996
8753
245
8519
3333
1330
993
3126
2107
7789
1579
6585
792
430
9927
5632
2637
4123
2587
2154
2401
8345
4866
4018
97
7202
7007
7809
9050
6509
9206
5008
3580
1979
3296
8210
6634
7587
3900
8907
2668
8175
6865
3423
6094
5356
7806
8554
607
784
8546
3483
9706
5844
4290
9514
3713
1835
9327
4218
3617
9706
4081
1520
7038
3397
1324
4319
6638
5862
4364
1175
6286
1833
5009
3659
5283
6377
4140
5892
5975
3318
2686
2866
5052
2594
5824
9091
3852
587
8218
4139
7980
2518
3097
6644
1557
947
3003
3322
6415
9450
5005
4573
1536
5535
8202
3224
3068
1863
6317
7990
208
9824
3212
8188
7292
4545
4119
1297
7374
5384
400
9909
7629
974
670
9630
1886
2886
6069
4511
596
6955
2506
1553
3559
6361
7694
861
5721
5499
5783
3004
1336
8712
7394
143
6837
2959
7887
2492
7698
8464
1657
6676
9619
6414
5281
7540
9336
7779
7323
9985
5374
2297
7610
2381
4056
1708
3802
8124
1076
6281
8048
6904
3950
8705
1560
2240
5662
4412
9904
6848
4808
2379
6836
2401
2565
5490
9470
5250
1779
4506
2625
4661
8505
4706
5125
5137
1290
9282
5903
9381
8531
8518
2687
3472
9207
8839
1104
801
7305
789
7010
6351
5249
9993
9844
7860
6644
169
9842
5449
3653
2258
6900
6265
9310
8726
3921
5710
89
7104
2437
1812
9045
1832
3333
4301
4823
8462
482
4958
6866
9291
104
797
2128
4481
3653
6638
3598
7727
7062
8636
5955
541
4135
5337
8668
4213
6930
7806
1842
3506
906
5411
5140
1156
7684
8799
5077
7234
3212
6657
1008
2430
4151
7797
5117
9333
298
5133
6730
755
5860
3124
6248
9172
7380
5228
9024
6336
1146
2940
4500
7134
7875
2981
900
6739
7502
4185
813
5129
1875
657
7955
8031
8176
2772
448
8350
874
2558
906
7156
5027
5040
8653
8278
8746
2103
4385
5574
7627
441
2578
6944
8972
142
1973
4138
8608
5490
9435
2433
8113
4528
7496
9231
5267
8958
917
5646
5539
937
2554
146
7418
8321
3858
8304
9407
4940
318
7723
1491
7449
7152
2207
8886
5323
5569
4225
887
5559
4910
9743
2631
8653
980
4479
2575
7402
5881
5646
3515
5105
9664
8252
9949
4717
9111
1
9601
5528
3956
3886
1922
8919
5861
2504
1370
9766
457
3184
8289
5048
7768
7971
5199
6229
1320
7538
1315
6964
1261
3091
3086
2712
1790
5314
3598
3792
8223
4439
8626
8469
3992
484
2164
7616
2907
7733
9239
7527
6975
2512
8822
2427
5102
8339
4647
3263
2991
7483
6761
4316
9540
3030
1598
4219
47
485
3408
2921
1567
2996
4845
1177
683
9248
9524
4119
9055
8099
4371
5474
7017
9019
4559
3978
565
2382
8868
8577
2031
8701
8252
3944
9762
828
5459
2901
7115
8232
8482
7292
6079
7364
5681
3879
5847
7220
5372
6820
1630
4123
7705
3286
4044
4824
1637
3794
4376
1951
4816
3803
6040
890
9189
8143
7538
2161
141
4842
7232
8330
1987
9905
5259
9548
7621
9616
2866
6756
5139
1921
4523
6638
9243
3457
3078
7364
252
3783
3314
9204
8511
3388
4181
9065
7035
7025
5035
3018
177
8944
6204
5871
1152
1574
9166
1863
6216
4239
6684
5525
8321
3440
8184
6787
8052
1291
703
9383
4665
3663
722
6614
5033
4590
7177
3549
3317
8512
988
9700
9165
6916
1395
1258
7269
924
4425
6940
6076
6413
3807
6508
8474
3204
9628
6030
2257
4907
5067
8941
3198
967
6504
6969
8525
7480
7318
9980
3621
8339
692
8821
9761
3282
1733
206
5691
4393
4222
7721
877
7614
2303
7999
3218
854
2431
6135
9049
5234
5878
9411
8237
1039
7128
3365
2193
4940
8453
9307
7601
52
6005
7307
3687
5381
7710
3743
5834
6231
8305
7460
3353
2132
1805
3602
4236
3845
6733
9186
4681
6016
4409
9475
6230
7035
5623
9213
8304
2667
5995
7792
8968
5012
5347
2396
1728
3359
1378
8209
1179
8502
2985
9724
5307
7070
3506
2238
7271
7442
9236
7578
4467
3806
3494
3130
7687
9924
1581
8237
8190
9169
6919
7011
5499
2391
3700
1641
3729
179
6354
5257
9266
1081
1135
8392
7598
2342
162
8136
2132
4725
3202
4017
2786
7974
7530
9687
7180
8489
1158
4473
2242
5767
9762
3849
9032
9174
2612
2905
8600
1614
7816
1852
1699
1655
2193
7657
151
675
6093
841
2687
6583
8460
1524
3076
698
2477
3765
3345
9324
7071
2267
9918
6595
4625
509
5468
159
189
4364
4310
6252
2503
272
4145
5727
2156
2021
1953
7608
7179
5207
6870
1721
1399
3432
7841
6973
5856
5300
8880
6835
8599
6281
9735
8597
3170
4500
4770
7954
1102
4507
7895
5489
8720
8108
6334
6607
3585
6304
1054
1493
864
1405
6673
6655
4969
3385
8644
4603
6753
9537
545
3241
1584
1489
9273
1532
8623
8648
964
2984
6583
2135
5449
3540
6333
8262
2055
5423
5604
5633
4565
3496
6155
4914
8155
5714
8686
5342
6114
4205
5813
7037
9162
8575
8433
3175
5175
7972
5770
1091
2139
3482
4429
6362
2133
7426
6769
8950
9165
1111
3898
5451
8661
7593
3621
6528
1435
1038
8625
3571
9942
9210
5247
3669
9617
680
8111
6939
3147
3298
962
5278
445
5495
8996
6614
2166
6986
3018
3698
9577
422
718
1512
8577
574
5393
2352
696
2581
7426
2656
8877
5861
8826
620
857
5214
6149
8690
7958
5708
2111
9971
2096
2885
1206
2631
8834
4867
9636
1349
9273
7921
4872
9884
8615
2040
5164
3807
4181
8110
4291
7492
737
3212
1885
4384
5894
5645
4639
4651
3438
6210
8694
9244
7368
7322
8542
4463
4481
6530
2736
6055
8294
5981
1736
6944
2134
4407
8192
7622
4199
3202
4983
3285
2398
3131
1321
6772
1799
3256
2235
1358
2479
8623
1747
2486
599
8293
5048
2473
516
251
9998
7280
742
4790
3245
9386
1561
2901
1295
5840
7119
1250
1830
5557
9801
299
5594
4905
9709
7140
4156
5661
7038
9583
3870
4395
189
3093
1333
7339
7412
7115
661
9804
4786
2350
7897
4213
8381
5562
2854
5819
3372
3456
3721
140
7948
2209
4724
1216
4819
4204
2180
4718
8132
8533
9226
4985
8604
6834
4567
49
4701
1021
5530
3715
2654
4474
753
8744
3144
3241
2813
225
7453
8837
6106
3178
903
9165
298
3453
6392
9168
4650
6004
5842
7734
3540
9579
2367
2437
8483
1905
979
8681
6970
4417
637
4786
3438
606
5462
9605
2679
7042
7921
4221
1001
1129
1794
4285
5461
4674
7749
4563
6472
7303
9311
2254
4100
8815
2068
638
3376
4520
3906
9619
8909
2625
9090
4725
4138
7742
4009
1129
5521
9560
7393
4250
6983
764
2812
3499
4924
3252
6276
733
9111
6715
6745
9978
9756
8643
2358
9983
6105
9820
202
6170
6838
4368
2428
3541
7600
8407
6522
7103
5969
6388
2553
1377
9189
9165
5208
5550
4958
2870
3421
5836
598
2649
5411
1602
920
324
1949
6833
90
44
5652
3484
7811
985
9132
8297
5135
1167
9800
9629
217
1442
4145
5868
9323
3726
9298
1994
3397
2524
4694
5840
5525
3829
1641
634
9567
434
3618
5360
5313
7744
5101
9524
442
9129
1742
3870
4618
4901
9705
3621
6023
3954
6976
5802
5647
2155
4459
7197
9640
6525
9667
4528
5048
9291
827
3395
9236
860
4203
7549
8320
5783
2458
5061
4910
766
6863
2945
484
8802
1161
6808
2704
8468
9915
7070
2989
2472
9130
8340
4644
4492
1976
3492
6882
8382
7425
9017
5026
8801
4605
3197
2219
7337
695
3682
2956
3174
5160
6026
3732
2374
8155
9728
1143
4840
5896
3375
2738
3011
815
5415
932
1362
9319
2141
5309
763
4953
9447
3599
6770
9788
9914
6681
5896
1844
1788
7883
8942
1363
1423
1922
5433
3737
5733
3783
8237
1912
6234
2845
2415
6078
1228
2590
7380
3456
7694
1169
6408
5992
9444
3181
2591
8777
3122
7938
5261
7003
8589
4557
5973
4264
5263
9180
8110
18
988
4629
9141
9020
4976
7826
9643
547
1398
5262
8104
209
5181
1869
5602
2183
6577
3560
9402
4660
6057
8785
9544
6330
6109
9406
7484
6717
1484
6190
845
8173
4470
9253
3346
2341
6741
8755
3964
8912
4352
6160
4408
9465
7448
1376
8944
4235
1230
6086
5652
4589
9765
8582
3173
9045
9184
420
2002
5637
1836
200
4395
8438
7969
4783
1957
1056
6483
3273
4961
4924
1335
4055
2474
5170
5151
219
7343
1913
6599
3670
5103
9777
3107
3247
886
3433
5463
7154
3366
2004
5882
5023
9825
112
6086
9916
1392
8411
6967
5581
2529
1400
6402
9281
3800
5335
6759
5490
2023
4050
8693
788
6831
5499
2755
5264
7736
6841
5409
722
730
860
998
1031
8514
1558
6236
4905
3384
1711
8774
6444
6875
216
6419
3736
5195
2033
8554
844
4519
8537
6331
3479
5222
1095
3193
3679
9084
5676
2294
3803
8561
1308
2371
5161
2155
200
8646
1571
4974
2327
293
3187
8520
2312
1068
878
8779
1398
4631
6499
6681
2330
1148
9342
9976
9965
6720
4098
608
5410
2205
638
6633
6516
3003
911
2752
2525
6356
3295
8520
5692
7730
9701
8296
7692
2841
5731
1987
3630
6896
9234
667
1448
7589
7538
6105
9572
3444
8694
8297
576
4041
7029
39
3711
3706
8342
2622
4081
5218
5022
1689
1298
5098
6436
7347
5420
7043
4878
7567
2987
5068
2392
8953
972
2913
8795
3935
1442
1289
6198
8451
4771
9514
343
9182
4186
3105
4078
4394
9482
3896
3256
7463
2704
4228
408
7132
3622
1792
6466
3577
7793
6679
5877
4322
5043
7190
5399
9101
1164
5989
1906
7685
654
3147
9508
9776
3295
7640
1304
1010
2400
3867
6067
4134
7530
4760
5192
9421
9490
8019
205
3387
433
7074
6157
9875
6868
3303
1200
2555
8389
1091
7676
2924
9945
2277
5015
2849
453
1558
9770
5726
5574
9422
3086
5310
7457
4148
927
6296
9275
9465
7367
5684
7355
9408
6262
9020
8715
6949
1611
557
6829
7957
1928
1408
3428
7053
8916
4743
9141
6925
5786
2106
802
7661
5508
9909
8230
7658
4317
151
8293
2686
786
4462
9069
4652
5783
5481
1913
6635
3607
4683
4261
5756
9645
687
950
435
4827
7108
6899
3616
2226
4032
8945
8500
6088
2160
9656
8369
8624
3696
921
7049
4860
9032
147
1586
875
3294
6858
3683
5726
1821
2524
1475
2373
8627
1419
8200
7927
6912
5331
9319
8526
5694
9930
4665
9146
1608
5605
7171
3675
9949
599
4735
5547
4014
9225
6806
4257
6807
3003
2226
8068
4169
7518
9912
8220
3402
2807
8931
4957
6432
105
9533
684
1598
2741
1697
562
3109
4009
2768
5859
2243
9830
737
369
9343
9001
4718
5207
680
8868
9209
2294
9241
9206
3675
1855
3501
2146
4029
4219
3257
948
7572
1261
6559
5428
7946
7780
6832
6863
1678
8129
4224
177
2859
8413
266
6235
7542
9568
9887
2032
4391
1632
9859
1614
3187
4512
7727
5534
7705
5580
292
1654
4562
9382
5709
5104
4578
9808
8256
222
8227
9998
9848
2269
1720
322
7341
1750
5308
9745
9714
9139
343
867
4163
2831
6684
3987
5192
8129
6983
466
5751
74
9440
732
4487
7943
5571
7214
8177
4209
4558
7542
3385
5797
749
8309
6440
431
5861
4704
5758
5894
2448
6350
5601
5007
212
4637
5323
4152
1699
1871
3161
8127
8958
7559
8650
9181
7712
2128
2698
3004
623
3402
9419
9512
6190
6144
8748
1225
4858
9977
3930
7065
8901
5995
2936
4357
7631
7382
7858
6886
4503
4346
1365
1791
7677
8675
4263
3118
605
8246
3240
4852
4189
6779
2844
1228
7096
9163
760
7144
5768
7654
454
6483
712
9275
242
1155
614
9706
2850
8679
854
4007
4513
1107
7974
9453
7706
3116
6664
822
6533
2060
835
3436
8868
7824
5337
4261
4286
5259
9874
6391
1864
7041
1700
7228
6908
9741
8646
5654
661
938
9029
8532
2072
180
36
1828
5671
1598
1115
6677
4621
998
3952
5702
3010
5239
5592
9899
6447
6707
6268
1405
5010
694
8500
2454
7632
8514
9023
5833
1968
4136
112
7163
8820
7177
1864
4301
5162
52
1999
4192
4858
2098
4742
2463
1104
8477
5353
6098
9678
6684
1858
4477
7051
8461
556
9118
2426
9939
6856
7415
7760
7805
8003
701
4846
4325
9272
1931
3497
9027
168
3309
9915
9855
2224
9173
9295
1601
4927
4443
1725
4451
1363
3947
5462
422
129
2941
6615
542
5067
4132
9338
541
9414
1515
5553
7916
5883
6343
8304
8135
9286
5536
7772
2825
3224
7846
4039
7740
7430
8081
5648
3330
7316
4722
8026
5721
2287
1214
837
910
4392
6280
8315
4
3867
3530
1658
8306
3137
5722
7526
6051
5830
3942
1721
3628
2384
7058
2106
9083
8794
1722
9817
708
59
8267
2844
2562
4914
2786
1041
5694
3376
715
6619
2915
3701
2239
9187
9909
284
4817
9417
509
9089
3158
371
8948
2158
1948
581
6882
7759
1637
7917
8032
7751
2614
8325
8214
8707
8070
8490
3609
8381
860
6488
5057
4063
4694
9482
1205
4387
4938
2543
8312
1167
9378
7638
9527
2812
4218
6856
1453
5883
5660
8944
811
6359
2354
3192
9008
7173
9039
9758
7430
3579
6697
472
1277
2915
9511
9194
4736
321
3960
5785
5320
6977
357
2753
173
2424
2132
8641
2174
7532
3190
7207
8620
9666
8642
6481
335
6633
9233
6732
3994
954
4771
1436
5483
1031
6867
289
7106
774
6319
8334
6457
4246
5416
261
9757
6886
517
3954
7483
9887
5185
2329
5092
9266
9195
7541
6653
6221
3751
6613
4204
303
8189
2557
646
1997
8506
46
8981
6248
3012
9694
5710
3514
5435
17
1209
9901
762
1129
4884
2939
4166
9243
7927
4566
8294
6031
1479
7882
9257
1911
3023
9238
6624
7322
8801
2213
7728
1054
5090
5054
1601
9683
6129
8133
2858
7189
1525
2985
820
8810
941
9495
4220
8196
8883
2785
6780
1926
7394
6375
3974
452
9475
3179
6307
9534
1042
889
9400
1216
4224
3318
6210
8430
9825
4268
1691
2259
1762
5468
5202
5955
1282
5173
993
4746
3784
8955
2058
5510
6040
9271
7691
5374
6651
5363
33
3306
7531
50
9950
3748
9238
4980
7525
6376
7973
895
7504
1020
7039
4489
4987
1835
597
8402
1693
9767
2515
5919
8096
7382
8124
6952
1757
5126
1700
6835
7162
3063
7485
4532
7369
7177
7048
1787
2793
4276
809
9804
7427
4578
6538
5003
7814
6031
2638
424
5094
9440
9024
4336
5423
8453
3412
2614
9086
3469
5836
6457
3612
3546
9191
1984
1210
5345
8633
3305
5827
3198
7633
5598
155
9351
3505
9776
7884
8438
220
5296
1529
5263
1321
2673
1132
9945
737
2267
4152
9480
4335
900
1868
9805
9995
2867
2589
7402
9035
6907
7000
4520
6807
5690
5944
7070
5246
9386
5962
9264
5222
9884
2896
4046
1479
7213
8877
3394
7991
4730
2993
7544
6536
4650
974
7204
6303
456
4184
7815
7358
7784
3247
9934
5755
307
6612
4780
3131
2224
9373
9030
8581
3870
2654
7910
5633
2050
8876
649
2129
1638
3209
7362
5838
3
6538
1419
3589
837
235
6362
6768
8933
8067
1444
963
2491
5541
4835
2592
4495
2008
8567
301
9745
5825
4288
3980
9091
7908
3870
9171
7435
3963
3946
9706
7070
731
8439
6385
2908
6547
8133
4493
1170
1521
1369
7982
8091
7676
4904
3123
213
4318
9020
9448
2815
8994
5927
782
8055
9316
5530
4195
9381
5979
7621
9665
3773
2286
4565
8289
8381
484
3531
1827
3118
234
2336
1423
5774
9522
7968
8283
1209
3317
1848
4148
1198
307
888
4361
6473
3004
8415
1345
7545
1546
4023
1304
5847
6498
6412
1957
1781
975
8272
4122
1217
7390
7288
4959
7016
9147
2321
5689
7123
2581
8820
1590
5823
9474
2540
7101
9690
5441
5623
3828
4811
4513
4104
4274
6838
5225
905
9113
442
8511
3382
795
9718
2739
9479
1329
6106
6184
1569
7025
5408
2251
2019
8030
433
7767
9568
5452
863
9655
564
3910
6875
294
4123
2288
8108
6888
5283
538
4516
5144
5202
5326
681
2591
2477
2331
146
1826
4629
8036
1330
9027
3839
8779
1585
8020
5969
9923
961
5238
6963
2923
2246
5863
5658
3122
8829
6469
7097
6081
6962
4492
5386
5254
3983
9820
160
8828
9052
8831
5734
8528
7969
6173
6989
8217
8644
4630
1052
5086
8766
8347
8853
1259
2244
9757
5594
8614
5984
5513
4212
4649
3555
1730
898
2186
7313
3863
6720
743
5550
1515
4426
2370
6216
3518
4487
9783
3792
3558
9439
9578
871
1697
584
8374
1002
2077
6131
4665
4372
2129
4803
4213
2880
3602
4017
1787
6171
716
6663
7063
5180
5762
5562
7496
4773
7448
9668
5979
2021
2324
1062
6095
1684
4569
6817
2786
5466
4486
4782
1239
6602
987
7359
1808
6339
8409
2333
3786
3869
2942
4804
5838
6293
9014
9309
5900
157
917
6175
8371
1136
14
1170
1398
3423
2805
2524
2077
5395
208
4371
2361
3098
3321
682
3529
8140
6018
8748
1975
1533
9665
6273
4179
55
278
1149
3638
6698
3439
7967
7585
1755
7274
321
6311
6122
8810
2991
2887
3359
4031
3035
6120
2093
6924
3885
4535
5309
7856
1478
4207
8102
6569
6512
8261
442
122
1876
830
6535
1089
9313
3313
7308
6313
4387
5717
7623
1551
3816
925
4742
2305
4225
4667
9636
6156
6394
9047
7683
6915
4050
2400
325
5904
1275
3321
4245
680
7595
1659
9622
6508
4795
4306
4038
904
4551
8566
3584
6558
909
956
7739
2944
6703
4215
9585
1937
7949
349
7908
7747
5306
2531
2765
6481
6630
3657
1064
5643
9724
4370
3726
8896
9310
8379
1000
6382
7311
7867
7473
5923
495
6813
3359
5421
4542
5040
3613
1749
8601
787
1448
6469
9397
4644
7799
3673
8956
2632
3314
269
4995
1268
4425
4018
8064
2409
61
9642
4475
692
573
8301
9108
1388
5422
775
7130
1480
1206
9638
8712
1770
6576
758
5790
2841
5614
9416
4944
2670
6224
1376
5451
8726
5111
4202
6577
2338
5903
9145
3166
8177
1978
8909
3597
6636
562
1605
9168
1936
9660
6213
8960
3769
4379
9856
9262
5289
4210
2209
1599
5258
7831
7345
8449
7172
6986
8335
682
3166
6017
4913
5816
5521
8594
9528
1123
3576
8225
2075
667
8872
4086
8642
334
6319
8755
4564
9902
4218
9401
7113
6238
946
8989
8121
6655
1104
9068
1869
6524
8960
708
8530
173
1982
5141
8498
9158
2288
668
7909
6952
8814
7405
660
4134
8013
6416
7251
3115
5918
4812
5751
6490
9344
3361
5210
8053
9077
8184
6819
561
2845
3095
3143
9297
884
4151
726
5488
1916
2964
6395
8660
2349
353
2562
1974
6513
6886
1843
9616
744
1881
6310
297
9127
7425
1680
5934
3712
8975
1762
9562
7014
9107
3461
1557
9613
5967
7678
8211
664
2994
6383
1741
4129
1477
1204
5782
8538
2501
3830
5432
3112
9859
3538
5914
8033
470
2164
8905
1690
3896
1835
610
2717
7488
5757
639
9616
8747
7384
5738
5802
1455
8285
7457
2867
7137
10
7794
9873
8411
268
1904
1501
5808
8745
1908
2860
4600
2855
884
3757
3213
8743
1100
269
9792
7865
5539
6402
8459
4436
6793
3659
1855
4077
2382
1339
1504
8960
563
5363
2576
9771
5684
8453
4604
9807
7157
9470
4726
1508
1103
4719
5004
747
8740
9050
386
9182
566
9546
8886
9990
410
9629
516
7297
8405
6383
6566
4600
6953
8918
5771
2516
8739
572
8935
1157
854
2788
8578
7444
4105
3446
5160
2675
1549
7497
6453
666
5341
2681
1621
1763
5938
8166
6569
3044
2724
8901
2117
38
140
3508
1581
246
8345
8524
9302
3796
2503
6800
6694
1543
9745
2870
7384
5916
7860
3113
7983
4842
4800
3507
6072
4033
3037
2790
1961
7981
7853
3855
5769
4946
3612
1167
6407
6263
7093
7039
4017
5284
1921
4556
2427
6249
3192
9986
3194
8423
6318
2465
7782
5792
9188
3783
9458
7644
1681
6081
1451
333
1614
272
2943
5554
1171
2992
9459
5434
2885
4906
9206
9745
9238
8167
1941
5569
4928
5851
1917
4708
5881
1178
1467
9165
4064
9331
6810
1
2156
9681
2609
9888
7147
1239
6876
4660
6930
9142
2761
4185
8938
4982
8807
7864
4895
8808
4214
5071
744
5584
694
5848
5819
3943
7470
2168
301
38
972
5070
5059
4297
5818
7996
2900
3909
8612
1620
5316
8836
1150
508
3779
4182
4570
6891
9646
6716
1034
1887
1749
8368
4481
9484
5713
4513
7032
3574
4081
9851
2602
3382
1301
9697
4274
7568
2636
9494
7014
2356
1068
359
2274
3957
1248
3485
6059
635
4560
1189
7003
4711
4360
7447
6041
9816
5460
5702
4209
3719
6902
6780
169
2028
2105
4710
3986
3082
5429
3269
8753
9350
9237
1058
6596
5647
498
7933
649
9472
1014
591
9538
3798
307
128
5954
7608
5267
9387
5869
4498
5573
2898
9954
4664
9007
7231
3774
573
5667
4574
8314
1647
5186
7340
7389
8255
5996
6630
3527
336
701
2345
8864
968
6636
7782
2612
187
5653
6509
1691
9372
2216
4340
6051
1507
3856
4214
5272
7643
3049
6809
7994
4857
4593
4678
738
6024
7517
2742
7695
6727
5625
2937
8020
9604
5700
5840
2217
1444
7451
7071
4168
3361
4264
1304
368
9336
8810
1678
2926
3454
2588
7438
7903
1148
3444
7604
5544
4755
153
3498
3966
8706
8104
7918
2859
4646
5170
3796
8786
1828
1807
136
8606
3051
4463
8050
2623
1494
6345
4703
3993
8730
4608
7986
5964
9254
8043
9716
3518
1816
4306
190
964
2894
766
1898
2046
2603
8025
5208
4147
8354
177
3833
3122
6589
874
2901
349
7885
9245
7433
8544
5760
4747
4042
7911
4470
5003
3671
9184
6133
5693
8172
5128
2480
6554
8554
7058
1543
2559
7696
7942
4600
4333
5352
8647
3684
6868
8243
8889
4978
609
3073
9464
8394
3953
5258
7292
8654
1249
1190
9878
8198
5340
6860
708
7212
8721
620
2184
1098
2378
2942
7625
703
6355
944
8922
5608
1128
522
1401
5802
3847
3890
2446
2043
8490
5345
5467
226
4021
3059
5749
64
9588
9733
9768
3400
836
9897
4526
2461
6402
6690
8460
3366
8640
5925
503
5195
7652
249
8853
9948
2682
1217
6001
3684
9932
2080
1608
4171
870
9122
9758
5347
89
4333
2183
3919
6776
7246
3999
8390
8860
8747
3527
5852
3894
4672
2759
6843
5749
1998
27
3572
1151
5445
1449
1854
5167
7302
2699
2032
9661
8289
7679
9225
3810
2264
5640
8203
735
2591
3330
3201
9295
2983
3718
7990
5139
626
7868
6511
39
4403
1517
9392
3600
6030
2922
6653
6393
6911
3539
1918
8568
8530
8100
8438
3028
9192
5641
2252
7216
4920
8058
2778
2565
7331
7734
6167
5706
6288
824
1720
457
162
7731
6685
4692
1490
7368
9743
1123
870
6737
8499
6081
6880
2417
1290
5334
4846
5498
8627
1036
2282
6535
4563
8838
3784
2094
3335
9240
3224
9432
1556
2250
6035
888
1297
9399
9407
4543
4350
2183
3206
2716
3008
1001
9434
4845
7647
3629
3018
6337
6451
7325
1788
9927
7564
3593
8401
1125
9009
9699
2061
4310
6666
5977
2844
1018
5630
3006
6422
7020
5261
7709
2008
9710
3240
2441
1351
2405
8937
6130
1563
7095
1410
1525
9614
2209
2348
7626
1299
6969
9265
1353
2489
8887
9258
7509
5477
5967
8652
1111
8241
180
8827
1150
9425
3766
3554
9830
6852
4935
8150
6364
2395
4524
5753
9389
995
171
1048
7042
6663
9578
6742
8785
3260
9407
3105
8030
2879
1391
5894
9627
9634
2221
2959
1269
1671
8745
4870
2903
9222
5083
9840
3172
1495
3186
8291
6986
231
3417
7357
3259
2735
6720
642
6889
2190
4924
3542
4038
8062
760
9447
4775
4429
4150
7134
2142
9022
6319
4671
1714
806
8311
122
707
8903
5457
4397
694
684
4360
6532
3008
1825
3972
6730
873
6155
7306
7465
7341
8097
5355
7965
3091
5520
9788
2388
3154
5817
5973
7002
6626
3013
2893
6675
8433
8724
1524
6008
7205
4778
8227
5391
8333
300
4727
7331
6257
1096
1234
3333
5060
4120
4270
6667
1423
4863
5769
1322
9006
456
5004
2471
8316
6314
9915
8740
1129
9125
9389
1621
3524
4000
3057
2316
6590
8594
187
1335
8874
2016
4200
1169
9630
1330
4412
7332
6932
3476
1537
8099
9709
5403
8522
8248
7771
242
3276
7119
8885
2334
4863
6299
6967
8899
9704
7250
446
1200
9369
4194
4868
2978
6509
2558
8798
8986
501
8303
7092
1440
9353
8443
589
7183
9450
8067
6293
3396
9688
4178
7104
4643
1574
1663
5164
9087
1831
1700
7884
6677
9100
7921
697
7111
1279
645
5621
411
5068
4484
9687
7896
4286
9642
2283
6385
8521
2222
5497
3431
8674
3846
6501
6405
957
5902
6057
3239
5915
8735
2197
7643
4024
1094
3131
6605
4441
141
8473
2990
8457
7342
2816
1052
4219
546
741
7661
4284
7573
7307
7071
2571
1614
3103
2038
2266
3763
7901
9091
1246
2986
1990
780
6592
8852
9253
2711
4736
7318
1037
8172
8825
4908
4890
8175
9848
1568
7224
9722
3099
7538
3964
98
6528
4534
8253
20
2561
6556
9261
3442
9927
647
1181
6834
7071
2896
6458
5746
3720
10
2310
1465
2141
1773
4632
5596
4683
4682
8308
5346
9137
2101
8019
7359
8507
1222
8601
2893
6720
2157
9017
2155
6870
9475
9004
612
3540
1490
2452
5085
5761
7614
6600
2444
2188
9092
1076
8707
5043
3427
5879
1369
4385
7808
2334
2762
9280
1856
6114
7261
7428
5000
6363
154
9805
8788
9999
983
1890
9462
5257
9170
8038
1090
3530
4743
559
4584
3573
1965
61
2903
7137
8695
8638
7766
86
9280
2435
8178
8069
3790
5188
6084
800
1425
9269
9467
4023
878
5824
8199
3205
5503
545
2959
8033
6060
6661
2526
1781
8886
1685
9772
4595
2285
9507
1646
4765
8944
4371
3491
7057
7210
8312
2970
2148
9018
8616
3957
6246
7294
6859
5655
4940
648
6087
7306
356
8155
7713
3762
5675
2053
4671
2258
6077
1166
2414
5681
171
2852
4298
2659
979
6312
2925
9783
534
5044
4010
6263
7147
1287
4323
6342
9420
234
281
9778
6058
6851
8747
5697
5540
3108
6591
151
4721
8426
595
2666
418
1163
4242
2112
3053
3949
2966
7207
6402
679
4427
1955
2520
7977
5357
1338
5916
8949
1558
7584
6011
2034
2608
2298
1974
2756
7829
4800
8976
1215
5096
1958
9933
3096
9038
9840
1806
7039
185
2491
505
6158
1658
8164
3472
6545
4915
8283
4009
547
1160
9497
6399
7650
9951
4094
5887
766
1579
9118
2603
748
4778
9479
3454
6937
6334
5396
1078
6560
4145
9447
3910
781
304
3583
6420
236
5763
1376
3596
7843
3143
5850
8717
1711
9247
8178
8504
5968
3850
7578
4680
2300
6312
7712
6033
31
6594
9896
21
7554
2222
8448
7996
2910
7780
8470
3096
6358
8480
1384
4882
2713
4373
8542
9777
6289
6776
8205
1358
6255
3463
6220
9591
5210
4184
5701
3032
8788
3090
6018
3102
9125
9603
6430
4456
9970
4314
4642
543
6281
1456
5631
8389
6098
4531
1030
1698
7520
6634
4391
6300
8584
2051
2644
7037
2877
691
9055
129
8677
1909
8004
97
4438
9290
6891
5295
8446
2944
5482
1116
5435
896
8009
4949
8001
6111
8338
1915
5600
727
3517
5489
8971
4060
6011
2031
2767
5943
9943
3313
4234
1951
1655
6098
725
2094
9893
2828
3889
9522
5933
2486
3317
815
8967
5706
7485
4417
7050
3175
4791
8774
8926
1398
2497
6749
7047
4896
6405
7862
7100
8884
9053
4925
4339
1507
9276
6641
2059
9685
910
2714
2501
7632
3482
3043
5521
2120
2679
7566
5312
3537
3414
8307
520
6814
3306
188
8040
1270
9378
2182
5820
3456
5794
5357
4983
2040
5444
9371
6575
8808
3183
3995
3256
4847
3551
7219
1246
5958
773
6490
2835
6372
3856
4670
4770
4834
4603
7260
2840
2103
1338
2453
7961
3957
6179
582
4077
8724
8647
4531
3189
3452
3446
7657
7829
7739
5206
798
6284
9304
8019
4930
890
365
2565
1020
4702
8868
8656
3662
6859
3658
5999
32
1944
7623
990
751
3676
7899
2363
4188
8214
7183
3497
800
7413
5224
4191
9047
7333
4553
9731
9442
2311
9511
49
8326
9912
2641
6796
7901
7072
7508
1135
4094
2752
2007
73
8823
7394
1218
4134
8214
4521
3881
4199
3340
4765
1535
314
5042
7660
4413
288
9393
1496
3121
883
5370
6551
187
9416
1298
2017
541
8587
1622
1929
4972
2339
573
411
5648
5564
4299
1547
7737
5475
8004
4203
6215
7444
9677
7091
1904
3129
6964
4405
5815
3701
8746
7340
5855
5971
7987
1795
4956
4254
7413
7585
4695
5757
4588
9466
3465
2319
7943
5292
3257
6313
330
1610
4119
3513
1653
2014
357
758
7147
8558
7528
1201
2861
1555
4305
4979
4914
8067
8267
8099
4079
4389
9665
7361
2266
2863
2261
4129
2459
8315
5257
4762
8671
4429
5417
516
7488
5381
3418
4738
7748
3040
3506
143
9934
5042
511
4021
1836
4059
3296
4149
2040
3574
8682
3249
7819
468
4936
4785
8972
9741
8866
7934
4192
1666
5588
4511
1510
6708
5045
5697
9384
8500
4308
1351
9997
203
9759
9741
1325
4558
8183
493
9533
2935
861
8577
8271
3709
9709
2141
6421
5255
9526
2002
869
3890
5427
5616
5860
2069
9507
3325
5485
7145
5807
9709
893
6007
7646
7843
8764
5915
6376
9280
2604
6832
5628
7568
3457
5577
104
8113
1555
7106
2992
2204
5493
3233
1040
8014
491
4105
1387
6375
2294
2748
9186
4165
8281
7983
82
3095
2347
6042
6638
6725
5113
6183
2721
3505
6028
624
4965
8680
8938
4105
5330
2840
7665
3388
3844
9949
3171
2017
5581
2661
8867
643
941
7729
5629
8223
3292
9329
3086
4414
3043
3102
8732
8472
2191
8735
1444
4967
8442
3885
946
1625
2921
7271
9800
9611
571
3729
9477
1570
7295
9061
7070
7729
2882
7475
4218
5383
3811
9438
4799
2068
4978
2752
2947
7744
4404
4665
7980
6284
2
7830
7766
1603
2455
7920
7124
8722
3265
5723
2800
5089
2050
1515
1584
2462
2130
4536
3144
4679
8487
5375
4120
1606
7144
4073
5055
4608
34
1768
6721
3816
4423
8683
7399
2537
937
6276
7678
9102
9281
6363
4345
1464
5678
5025
9902
4867
1120
4112
9313
7891
4480
8162
495
7189
9552
9531
165
6233
71
9577
1567
8365
1793
8672
5657
9488
5685
2887
2314
695
1288
144
3126
6147
4324
3657
2329
6527
7597
5463
7443
3361
9265
7876
6182
4543
7528
5650
1201
6353
5816
6688
9230
2297
7517
4090
6167
4080
4327
7366
4695
5007
7267
5624
5974
1152
4446
537
1983
589
4622
1911
66
5996
625
3662
6252
955
1708
3020
8896
5262
8882
760
9232
9542
2310
5289
366
4498
4806
8386
1299
5106
510
5421
7529
5056
2813
7856
4794
1763
565
840
7529
7260
6660
3725
8588
5275
8042
6290
1798
9820
1196
8514
3911
5588
2200
6686
7505
5492
5375
3684
1416
5625
9625
6218
244
2997
6509
6866
9504
6321
9111
3700
7985
5186
5781
5334
3886
7916
7792
4175
6268
3445
4998
5734
8416
7491
8527
6761
4647
8371
4602
60
7148
2757
8530
8760
4386
6678
2928
7882
7668
2097
9256
6001
7406
4363
6709
4818
5655
853
7534
9450
6477
6122
2836
7265
707
3865
7943
8056
6667
1011
1366
3376
3409
4259
6455
7853
8033
4362
9778
281
3654
8489
5310
7315
9573
5949
8482
7571
214
7624
9153
8954
4411
4395
7577
7018
1559
4888
2414
7173
6253
7846
4859
8555
7926
9448
7944
2367
7077
877
5078
2504
4644
6454
6894
1277
6078
7659
446
8048
6699
3328
9851
3587
9866
1373
2396
7961
4558
2302
9219
4779
3906
9876
4586
9585
1239
9208
2853
5235
5221
7611
7162
2052
628
8517
8941
5585
6331
3773
2264
9768
7054
4629
2138
8313
452
6726
781
2131
6104
9409
946
5604
7939
4661
362
9515
6700
5981
6350
3451
3981
2515
4674
5492
4412
8760
1699
2000
7550
5135
3907
5311
6036
9751
3841
2157
1593
6686
6534
622
5407
1076
5500
8439
4477
6325
2319
456
473
3773
8917
8072
2686
105
6573
8450
1615
2832
727
6344
4767
9148
5663
6320
1219
8482
8095
8210
6522
4050
3770
3594
4492
3730
6095
6138
7458
5554
897
3584
1535
8155
6347
4217
8477
1457
2126
5616
666
7941
6897
8502
825
9780
8127
3500
2984
2171
3351
3619
6288
8175
6913
267
8194
5362
1259
5618
8633
9596
6851
9135
1677
6256
9745
1069
6307
4210
919
742
2808
2860
6392
2422
6382
7560
2212
6621
4528
3733
3371
9601
9749
4981
703
8926
4164
5526
4833
7857
7564
2263
1248
6408
5500
6772
5531
1873
8943
2566
2844
6644
2095
7923
708
6115
9907
9582
9141
4511
1858
7641
7231
1429
3579
6952
191
6915
2861
5337
5970
7897
1627
3928
5467
3765
418
9957
5435
3936
6963
7288
8111
5199
5397
5026
6656
1653
7681
9499
448
5066
3796
9934
9316
8443
2262
3133
741
645
7561
7473
9134
4842
6011
1527
1200
8630
6659
7632
6501
8627
8758
5704
7239
7347
2392
7630
6356
5172
3799
7530
7983
5239
1974
8211
9326
4044
8096
9131
8030
5587
4350
6175
4104
1858
3715
8559
452
7490
7262
3177
1084
1378
532
1702
1060
3090
5574
757
7243
6869
168
453
3906
1048
840
1634
2274
5694
1189
7118
8045
6273
2126
7247
5970
6175
5554
5084
5540
5895
8079
1536
6853
1684
6302
5735
719
1493
247
990
2063
1004
6507
1611
690
7576
7650
931
8485
4921
9467
5825
7088
6301
2601
8054
5134
9084
151
7727
9092
8456
7775
9216
6790
3103
7895
4817
7675
685
4530
6477
8876
5900
347
909
1121
8964
2476
8387
3595
7311
8661
549
1774
8328
299
7524
7313
5939
3945
9673
4050
8847
7827
4286
9186
3253
4953
2523
3697
7854
9353
6928
1052
3943
7033
4815
8297
8419
8202
7853
8555
2517
2321
3147
9027
4077
2557
6147
3533
6157
1187
670
3670
9807
2525
6376
7650
3817
4929
8994
867
9253
8457
3614
7277
1580
9721
6357
5627
8207
522
4741
9627
4251
1805
2041
6088
4330
9522
5979
136
3216
3939
7030
1518
3132
8970
6681
1098
540
3090
930
1581
197
8399
9369
1546
9321
9382
5129
6837
9661
7945
6026
8384
289
6287
2212
506
8935
4158
633
8774
4658
2078
1627
1474
9687
7076
7957
3762
3229
2514
1597
8546
5064
8546
8591
3169
1740
4795
7285
5961
3172
1792
247
1715
2470
2751
5206
147
6799
2237
5288
6412
2087
3290
3896
7728
9394
9572
4522
5186
5752
4092
820
4781
7293
1079
7240
6767
7471
2556
5541
7348
8197
6197
7503
1820
6694
5995
9131
3187
5894
2346
6685
5328
1170
3077
9836
4787
1241
1997
2259
224
6043
6529
4990
3621
9388
989
2837
2274
9213
7072
9179
5657
3253
8104
9457
6210
2926
8628
8658
8113
3253
5884
3128
3113
1635
4752
2008
7466
3277
2702
8612
9047
6096
6339
7057
8709
2911
6083
4466
4937
3725
562
4041
5863
5922
7273
9334
7710
5190
1072
5019
3727
4974
7062
4481
2670
7274
9439
9535
894
2613
2852
2585
7134
1969
7851
6536
4004
8493
6977
2775
5316
1829
3057
2530
3250
2845
6274
1921
4458
1575
1563
6010
9144
6213
2905
2173
2213
5941
6078
8104
515
5425
6425
4748
5279
3780
3208
9503
3774
5821
7102
9973
9281
8413
2402
3616
3418
9730
491
3569
9902
4233
6148
5988
3789
1193
3249
9195
5271
9553
1418
9963
2082
6949
209
7234
9589
5712
2361
8597
2603
3649
2701
9832
8016
2423
4253
2826
2276
1342
8119
2190
2806
9376
8687
5874
7401
3198
742
100
683
4089
22
3923
1663
1484
3808
3734
1480
6010
3079
3021
5387
9792
2829
7687
8019
6870
2080
2254
6049
1515
166
7260
7244
7280
852
3152
32
4574
846
1004
2604
9589
4267
5357
5636
2392
9634
9507
7686
6980
938
8539
7331
1127
9353
434
1098
8825
7164
554
1270
3140
454
9815
2603
2284
2128
1865
2045
6728
1835
9584
497
159
4340
6202
693
2098
2916
1370
248
4993
9330
7476
3956
3594
6954
6533
4376
9425
8600
2944
4789
8173
5615
2456
3583
2789
9813
2624
4116
133
4796
5083
9142
3964
8241
4957
3839
2088
1694
7705
6524
480
9460
8723
1095
2195
3125
6006
285
3867
3294
1203
3767
7632
5096
9346
196
1257
9016
2597
7235
4322
3628
8302
8627
3234
1783
6682
2391
2911
6818
8456
9181
7937
341
7730
4893
995
8170
438
6573
1412
5966
3674
5675
1597
1155
6210
7767
4215
2659
5517
2702
7891
5041
1608
4357
4259
8593
3000
3978
4180
1954
5129
6200
5919
8805
6513
1808
3123
5207
2975
6298
5383
9148
5262
8301
9213
8862
335
6933
2252
1478
1681
2131
8499
8559
8928
7046
7395
107
2098
6542
4568
3578
794
875
7047
9491
3647
8609
767
166
8327
7833
3163
3182
7433
9742
8683
6102
571
3643
18
4020
7946
7449
2867
6520
5754
2722
7058
5576
8724
8338
1813
981
80
1812
8004
4853
4272
2378
5181
1790
2766
4861
6202
6228
8217
8409
7277
3568
7332
9161
6226
6645
7731
894
6779
4072
9139
2726
1725
2064
4190
7932
2713
6264
9183
2929
9533
5158
89
512
6678
1635
4126
6379
10
4252
2208
3025
1325
4771
2591
60
3652
3524
1021
5018
5082
9176
7699
3711
3941
4446
6369
4203
3131
4342
5858
3457
6441
8484
9364
717
4637
4068
1804
6696
4158
1038
559
2625
6219
6031
9887
8228
9136
6644
4362
2684
1683
2607
1611
7641
307
5410
9697
6344
7992
2942
9425
7940
7600
722
6921
1013
7498
6269
6761
5433
2284
8180
987
6558
6417
6481
4320
865
3576
5800
859
7069
9554
7951
2617
1794
1491
5456
5172
3859
1280
2603
765
6233
5939
5575
4151
9733
2762
8230
1516
7526
2083
5084
7774
4485
5435
8066
2552
482
1938
8604
184
1660
728
1607
4019
8762
2221
2898
355
6566
6047
6678
2321
3505
8455
4560
9006
5522
6996
2757
156
3219
5317
8970
1761
6378
5854
5546
2809
4905
3247
478
8571
261
6302
2785
684
6446
1290
3860
9371
4592
4404
1330
8100
238
6203
7006
5998
7338
5826
5468
8328
8073
7809
4868
352
2523
9317
6491
4878
7271
591
4656
8814
6984
6435
3511
9039
8062
1550
2281
2905
8381
7525
5538
3671
2224
4305
53
6205
4450
3942
4793
3240
2959
9443
5624
7515
3519
6530
1284
108
6028
1121
2186
270
6256
348
8621
7076
2138
9920
9912
8205
8686
5647
1090
6165
569
1942
8655
7267
6442
5097
1975
3665
4060
4167
1895
3780
275
7261
3121
1414
4941
6051
1927
8862
2815
6324
5763
4347
2515
7376
6314
9083
6575
8070
2589
4276
1693
2358
5579
3384
3207
2105
1067
9937
2874
9992
2149
6240
4016
340
8011
3270
3082
655
552
7071
1713
1709
5399
1969
8344
8962
8865
5912
3426
3154
7450
8261
7325
2862
1402
5322
4954
6845
8940
3952
6210
8990
2668
8548
6277
3661
4773
1713
4841
4274
2547
3943
8314
2913
802
2619
4092
3781
2751
5629
932
8325
5898
9938
4509
4821
4517
405
2202
256
5272
9172
6190
7297
7546
922
8905
4178
5042
4344
9915
307
207
5086
8294
5406
8060
538
9536
5000
974
1731
1098
69
974
2688
5602
3669
1126
2525
5784
2340
2555
617
246
5110
8691
142
4062
7911
3264
325
3318
6219
3643
2670
7640
3723
6071
1529
9767
9848
4346
4279
6240
3936
8531
1456
8271
8901
5245
2132
6846
2162
6097
4871
1126
6689
5822
9551
4220
9940
6696
381
5374
3534
778
5429
2656
1458
6547
2959
5186
9615
1492
9899
8987
4537
7231
2747
5498
4072
8704
6241
6844
7851
4013
83
6890
358
6469
9052
2166
4407
5410
6800
1720
7842
7347
8657
9954
1272
4011
3756
1511
9657
8851
1774
2281
5547
8554
4631
5576
6803
1144
8428
7549
6595
7235
5962
907
8502
5978
5114
997
4519
2287
3431
3307
8793
6896
4213
6461
4885
5801
4409
9768
9389
674
9655
9377
9703
6787
6739
2111
8777
17
8832
1043
4648
9504
3779
1864
7568
7505
766
4125
2543
3026
5689
6396
100
785
516
9416
3081
2064
6973
6299
2291
9023
9851
3842
8803
9033
264
4022
5737
591
4156
9721
7324
7376
6368
3756
8066
2019
5600
5272
9810
6134
547
2561
9540
8188
2551
6370
5706
5762
5063
2754
5904
3773
5237
9555
3710
5207
7965
5540
7491
5943
7663
6291
9000
219
8128
5892
4570
8302
5771
8474
6713
2930
6544
8691
8951
6088
1861
5186
1669
2670
3857
6101
1832
2613
5248
707
4348
8035
4157
6207
7908
6965
9179
3773
3117
213
5017
2894
5714
2949
3997
8079
2708
7551
3778
6985
4233
9283
6556
4041
8941
1373
96
8617
5742
1043
5883
1804
9704
3058
4725
880
4921
2361
5095
5499
2177
2351
4557
4696
4197
366
9558
8747
6312
6939
3914
4954
5350
383
1306
1424
4555
3271
2083
7892
7363
2377
9704
7663
7827
8627
7110
9727
524
8646
8361
5114
7745
4437
5833
6545
6779
2772
8294
5453
5107
855
175
5425
6328
9811
7343
6136
4609
2576
9685
6829
486
7739
5833
3411
5829
5907
320
8230
775
150
8492
6576
449
7090
9492
8999
4281
199
2612
3480
5735
1868
7351
6533
5256
5800
2462
7290
4260
6310
4328
3643
2965
6067
9957
4493
9884
8875
4923
7182
5792
9013
1565
4155
9978
3739
7743
7930
1590
492
1478
8429
3901
5363
1790
1729
4283
4400
1023
4314
7730
4310
9005
1862
6716
4113
4323
6661
5229
4320
3051
2688
9759
5189
218
2433
5084
628
4358
4523
7654
9307
423
6209
4375
9534
1405
9776
9625
9469
3945
6946
8302
9226
8267
327
7720
6439
7744
5984
6164
1845
8398
6168
918
6443
3654
6305
3584
6811
4671
5274
5482
113
1539
3043
986
5391
5672
4746
1555
2679
8711
5236
8323
6518
8232
3191
6016
5421
5593
8839
6049
3863
6219
4351
1579
8356
7636
979
2353
4156
5581
1991
2148
4192
3480
5467
6628
6754
5628
6029
4414
3517
9366
9549
9201
4461
6576
9918
5710
1246
9806
1919
7311
5603
3334
9283
8111
4318
4492
1976
7333
7344
5545
1797
8787
638
1463
330
3255
255
3873
8323
6601
9278
6519
561
1407
4141
2541
5287
4967
1915
8881
2229
1434
5104
8125
8317
945
5531
3110
5127
3525
3866
4587
7126
595
6359
7270
4791
1887
5342
4570
1640
581
5073
7340
9262
4476
9457
6930
9387
6017
3241
7879
7085
8970
3217
534
4124
4576
1013
8942
6577
4994
4029
4290
5724
6835
6072
9241
6325
2604
4273
3443
1307
2878
3825
5561
6951
7004
7121
2109
7622
5152
8850
8424
4117
9529
3607
2069
4684
7562
7593
4001
2783
4869
949
7802
650
827
2311
2281
2716
4548
2117
7781
7959
4082
6267
1478
5243
6648
6656
2006
708
2724
179
8702
1267
1785
2752
5797
3290
2521
9911
6866
517
5339
558
9832
276
9959
5418
7859
2063
5926
6760
6433
7546
8843
948
1950
6064
131
398
2112
4671
3151
6479
3461
6789
3476
9941
6352
8549
6137
420
2675
6861
7656
1597
6652
8286
5677
3552
4003
2776
4006
8895
9813
1330
5874
4228
396
1654
3235
3498
9479
852
4912
4814
4013
9249
1401
7275
9926
4378
9153
9388
3129
9209
2135
5622
6096
3677
3491
2681
5306
3579
5117
2032
9895
5887
7952
278
6800
4562
808
3916
2724
5904
548
57
8231
7528
1422
9670
4275
10
6378
4891
6494
5269
8153
7001
7562
757
2975
6587
2923
3507
4654
2492
216
3104
1915
1084
7706
7654
6758
2425
2025
1793
6664
4899
551
817
8463
4852
8719
9986
6679
2823
7594
3061
4152
2913
2008
9149
7763
6864
4571
1908
7071
9407
5878
180
8664
6442
6223
4105
4056
2613
9123
5796
3925
9839
1971
8622
6511
3362
4138
4164
2990
6886
7820
917
7632
3352
1957
3786
5554
2919
4529
8444
5886
4723
3542
9627
3161
3964
2022
7403
4735
879
7321
503
7061
3189
54
757
8615
8550
2978
7712
2306
8597
5124
7484
5160
1122
1494
4914
8108
1971
3641
3086
3681
3200
1434
9270
4434
9071
1334
1351
9893
6433
1483
3818
4863
1075
8921
7354
6887
6582
9244
1110
5683
7283
4019
1717
2362
1841
6265
8094
1246
9052
9310
6122
2099
2407
9341
2246
5570
4997
6956
62
9687
1300
8040
8955
185
7437
9260
8853
2501
6435
8504
152
8241
86
5582
2887
3928
3940
3480
4196
4856
7006
5505
8149
1844
2728
8613
7006
3720
2791
8245
7963
3339
317
4981
4443
9944
4023
8318
6009
5695
9898
7891
5944
9162
1961
7452
577
3612
8661
1911
9405
2884
6490
2754
76
2685
7359
2162
7311
98
1312
1122
9791
9132
1131
1860
4122
5119
397
9907
9890
5767
1574
6098
4905
1691
5672
3831
4682
4227
59
1892
5217
3341
5973
8152
3129
3453
2308
4466
2235
9980
7233
8070
599
4413
4205
9792
7144
751
3934
4400
1873
1078
8876
3381
8765
3134
1799
5484
5409
7651
5002
5320
8441
8300
1737
5350
8843
2041
6395
1559
6167
2703
5038
8133
5750
5591
2812
1456
7976
5944
9823
8734
3653
9056
2032
1560
4568
4863
8733
9736
3278
4825
3171
5655
1199
3894
7876
4568
9064
5403
1255
1043
8806
1669
7026
6921
920
8136
3040
1092
6394
3865
1064
6406
7232
6183
4082
4016
4670
2308
2676
477
9122
5750
7057
7918
925
324
6296
2585
5955
9560
1332
2081
