174
72
108
16
144
2
0
82
134
8
11
88
22
157
143
111
25
143
165
192
74
104
184
147
20
116
190
55
165
119
97
63
106
137
120
182
147
135
10
102
92
191
185
121
73
112
92
0
20
175
12
48
28
133
72
42
22
149
57
87
194
19
183
32
189
123
53
138
131
81
121
1
65
160
98
51
91
184
43
24
178
13
151
107
148
142
182
178
181
76
164
33
163
38
87
15
25
70
37
143
168
72
88
161
160
50
193
197
174
124
193
47
157
137
189
193
9
54
198
153
153
171
135
77
175
119
33
190
124
99
157
186
137
119
125
196
188
78
72
6
30
64
193
165
119
109
90
62
195
172
60
196
102
193
148
133
140
185
100
169
103
12
58
190
124
16
100
149
65
141
91
57
169
119
150
104
133
172
177
1
93
180
166
165
101
179
138
45
171
140
26
196
83
94
137
7
20
139
137
96
