4398
367
4902
3678
3600
2425
649
2949
4418
4557
4064
2581
2976
274
1451
641
1620
409
4224
3661
932
178
3333
1483
824
4038
338
2149
1485
966
2172
754
2457
351
4111
3652
638
1127
2987
1936
469
4317
186
586
2108
1644
1441
2202
863
361
2966
1720
3667
1953
969
1024
864
4883
4049
4854
4119
4018
538
1918
3694
1904
298
2621
899
4546
3019
2305
3989
1836
2533
1414
3289
312
4195
1496
3830
3372
4843
3431
1272
1623
2387
1809
4406
3512
4535
1856
3
3895
3712
2809
3301
703
2690
4160
4906
2360
2958
3664
2396
1110
367
3522
2395
4902
90
3642
1413
3010
408
3386
1225
3010
2377
716
2072
4312
4886
130
4465
862
2149
3310
2874
3203
3167
3875
2089
2532
173
157
4514
1915
609
2401
4207
2320
4659
3289
915
3619
2869
3207
4910
3214
887
4151
889
2449
850
3682
1738
3465
1461
2837
419
1642
1267
4404
784
1301
2191
456
575
4809
2836
571
2414
2753
3593
4620
1044
330
3093
1549
2614
2617
3020
3053
4291
3873
834
3546
4964
3532
2416
336
346
4039
4183
416
3234
3191
1693
2766
2215
1132
4280
2584
4609
4669
2737
1345
1911
4051
4600
4095
3534
4882
4037
2892
2117
312
897
2791
1190
1171
937
4286
3472
4194
1764
3613
587
1005
1517
4823
2478
3003
4829
24
2292
4816
3094
1708
38
1472
3570
3562
772
1954
4354
3670
616
4279
4757
1516
1370
4772
3106
2694
2019
1688
1518
2725
2899
829
4657
3892
812
3325
2029
1504
870
3225
821
3484
3350
66
3836
4697
1336
4059
4544
4918
2438
4064
3786
1851
362
1006
158
3102
4617
1883
3606
3515
4131
2029
4265
1773
3075
779
1082
2671
4657
3209
2234
3980
1180
3087
1888
4279
1139
4704
334
701
1643
3742
2015
2957
1934
4826
3487
2581
1301
924
846
3779
2149
2253
3647
4794
1526
4831
4846
1202
1869
1361
3803
30
4266
4568
1873
1118
3
677
2611
4613
3696
3167
1129
1027
3756
4464
4641
2734
3512
736
3715
3340
3728
2430
1266
3816
4836
726
3833
1804
4634
2553
2156
3006
4752
4324
596
1054
1655
2047
2415
4781
468
2975
469
4284
2408
1437
327
4694
4099
4025
343
4056
4548
1770
742
4232
3077
4490
1215
1218
3982
4943
4077
3805
1190
2954
2513
1960
3727
2167
943
3862
237
4584
2036
2985
3374
540
2404
4127
2315
4277
1517
4815
4194
2764
850
963
2732
2931
2817
3214
4851
4967
1504
2859
3538
1835
4742
3739
2758
2667
4551
4045
2687
192
482
4415
1045
4851
2892
1230
3822
763
680
1536
1159
1185
522
3465
1687
3638
2122
3595
1085
2342
1534
130
3158
3126
2053
3327
4195
3461
4747
2050
3907
2778
3119
2891
3718
728
3964
731
686
3533
3934
2170
2843
1088
3846
723
4235
4982
270
192
435
68
1418
112
2821
4768
1875
4689
2388
2743
3198
4128
1395
1105
4914
4763
3596
2812
2951
1887
1379
3417
33
1697
549
4807
67
1254
1075
1114
1055
2872
4557
4427
3567
1829
1702
484
4293
3822
597
1990
1727
1062
4052
4713
3490
3412
1789
4023
2339
3491
781
2027
391
2132
4489
2959
3586
3106
4314
1967
929
3529
4013
4978
543
3837
383
4776
2045
3756
986
959
2312
3164
2188
3926
4127
4247
3314
563
4772
3862
177
1759
4076
2517
3781
4441
3958
3858
2463
3255
4000
1091
3273
4566
68
4223
854
2929
530
4550
4624
2687
2088
281
2517
4850
4760
4712
2090
1917
3047
855
2259
787
2812
3930
1447
1433
898
622
440
1473
2031
1515
711
4314
20
605
1509
1008
2800
3295
1489
3495
3346
1789
3161
4371
981
4281
949
849
121
1853
1125
3067
980
4475
4419
4394
4275
38
4571
3899
4443
2793
3610
3629
3431
134
2150
861
4565
4113
464
2983
3535
1594
3648
154
1039
4459
1623
3405
4105
3771
2278
3336
619
4292
3532
2067
4114
3280
2585
3590
3311
4943
3158
196
3492
4490
3982
115
4189
3159
4338
4033
257
3136
4912
649
839
3782
4754
3913
3266
3055
2631
2115
1422
550
3529
1473
596
1052
3620
4385
3369
18
4447
4985
3548
4886
4620
2180
2695
3616
4807
2809
1273
4385
4291
86
3941
2818
4889
4982
1030
684
497
702
738
2448
3057
2917
4062
3590
3219
904
2006
2102
1479
2243
2102
2064
3084
1246
3761
701
2472
3755
4499
2841
534
3476
1561
4166
482
2500
976
2168
602
1178
3574
1219
4674
4985
4
660
3331
3549
4267
2309
2159
4503
2811
1299
4800
2286
3720
1661
1842
4597
3008
538
3792
1610
2574
2456
3891
641
1840
2545
4074
1408
2592
126
4838
4541
4074
1562
2312
3504
2852
3784
3301
2574
4492
2398
1599
1053
1564
775
1331
1343
27
4039
624
1063
3509
4349
1383
1855
2517
1387
3449
33
3111
4462
3919
1735
2078
123
4924
2731
3121
1705
624
552
1114
4697
1721
4081
3939
4353
3259
3280
3944
4439
3995
4189
3552
3537
3130
1877
2054
2798
2667
1480
3105
1553
1189
4995
4979
4706
2335
3977
3086
3280
3753
809
1805
2065
4810
3686
147
735
3853
2977
3297
2364
3277
4123
4545
746
3211
4721
4657
411
2077
955
3206
757
4828
1031
3897
3200
2120
767
3418
2749
1218
4002
848
2902
1918
2965
2149
294
3247
1287
1786
2972
4248
4785
986
3729
4609
2683
4687
2391
3434
4445
1700
3460
1924
4835
107
3031
3259
2411
2444
1381
459
4066
2683
138
501
795
4560
433
479
2341
3263
951
4090
870
29
2274
4216
1342
1664
1436
4897
3718
4533
3082
3467
4679
42
1151
1140
3997
1145
2480
2819
3221
1906
1236
4423
1837
4651
588
3496
3552
1740
521
1395
2861
1486
3198
2829
4555
259
4772
1033
1326
302
73
4357
2118
289
4047
2555
1395
3162
1378
3548
1965
3269
3188
3954
1531
2351
2224
4148
615
1381
435
1158
2017
2823
349
151
4463
305
4160
2815
599
265
1916
3399
1986
2593
2736
704
1257
4788
440
1803
4079
1681
2521
769
1099
243
3839
3195
2506
1510
3973
4782
380
4164
4608
4792
1486
1786
888
2622
650
3334
3123
3303
2401
3855
2765
193
1015
4976
4062
647
1624
2206
289
2952
2544
3568
961
299
1481
1606
3950
76
775
3288
3887
4268
4327
4847
780
4240
1372
1078
238
688
4759
1130
4214
2033
3885
333
3671
2048
4945
65
2079
4991
3650
223
1150
4033
3079
1303
2711
1255
1806
632
3127
0
4970
4787
4187
2861
3441
2720
1836
1077
3740
1633
1693
3644
3861
123
2724
1882
2664
636
3011
2780
2984
761
3998
1872
1120
392
2132
3941
2859
4286
4304
2318
3679
2060
993
81
3314
143
3525
3900
2304
2734
4345
3849
720
1266
1712
4930
1687
4452
2734
3621
4891
3392
1125
200
2705
3822
3620
160
4101
0
1421
456
4001
2278
614
3906
3226
2884
2943
2493
1693
1956
842
2879
20
3339
3155
4880
2202
2202
428
1220
4501
3979
1187
4307
3216
1695
3114
3347
1481
1178
515
2555
2763
1209
1997
3745
1198
3137
4758
4099
1428
1983
4389
2371
3099
3575
1605
4327
2676
4732
4806
691
2723
1046
4868
3386
1315
4273
1085
3342
1728
3881
4654
661
74
4777
3619
416
1030
750
670
4866
4315
652
2721
368
2079
1861
3646
4769
4859
3046
4111
3555
1247
770
4883
542
3948
1970
2533
1392
2353
1825
3938
729
4324
4063
3489
1141
2302
3231
4413
4849
1438
959
3105
1320
4861
744
2891
1614
3780
3300
1118
2736
2546
1986
981
2780
1339
361
1991
148
1649
1384
495
2617
2183
302
4148
4550
378
742
1748
3009
2163
1053
2340
1082
127
425
4988
4175
2753
1810
3133
2568
4872
1183
4940
1017
1998
172
3522
3670
3689
1588
3487
93
3604
4889
2666
677
1400
1100
470
2214
4139
4241
1754
1917
2342
3762
2611
670
3369
48
1993
3789
2260
2510
568
71
2711
2291
722
2422
3328
4123
4107
827
1821
4371
647
965
2295
4783
404
4238
3294
3987
2209
2493
1751
1267
471
3225
503
4639
4067
3543
4525
2768
3709
3671
3549
2756
1717
3277
1202
3330
579
1398
3349
454
4225
3261
768
4919
3407
4760
3839
3910
4095
2883
4382
1112
307
2871
2311
2367
253
382
2265
1417
2234
4450
2862
2768
4164
4511
3728
1207
3158
2291
2983
0
4066
1820
307
2297
3367
3367
3265
2785
2337
4570
2040
4124
888
4546
229
173
984
4263
1858
572
1046
3945
2282
3678
252
808
3104
2410
4130
2897
3802
27
364
2302
181
360
1202
3550
2345
4545
1389
439
2317
3783
3018
2094
3975
152
1221
1550
463
5
2080
2604
1722
1997
1700
3260
2311
4250
2813
1512
2164
2709
2850
1773
440
208
4865
2710
133
3277
235
4784
3582
1231
4530
3266
1549
4556
457
11
1020
2145
4303
4777
4378
4391
4761
4361
109
1692
556
341
2708
375
780
3707
1914
597
4335
2149
3963
3227
2394
3304
4986
261
287
4717
4232
794
2717
3824
2253
2074
3712
3724
1724
2683
217
3014
1041
2360
739
492
3356
513
2947
2982
1218
2940
1626
2081
4453
3794
912
3106
1463
2325
2186
2010
1584
1430
1557
3571
3663
2535
3335
1608
3519
3852
3381
4529
429
1535
3774
1982
310
765
2670
884
743
1305
783
1622
500
4535
3370
2700
3727
1531
4153
4615
1449
4186
65
1239
536
3923
3232
4499
2800
32
4098
621
4380
2151
2102
3733
3055
3931
2804
105
3667
2417
2881
3796
4282
164
1878
2006
3273
4643
2148
907
4951
1938
858
225
3936
4291
494
2375
887
3515
1745
4410
4778
4801
197
3574
4354
2966
732
4743
3944
657
1025
533
1261
550
3078
2348
2377
1081
4159
3166
1496
2720
1087
328
712
4350
4244
4119
2381
1748
228
424
4291
2733
4566
3237
254
981
3369
301
1312
3062
356
2668
178
719
3142
1456
4098
2921
207
2582
3771
4723
2432
2757
3490
2463
634
2520
164
2335
2988
4598
1367
1852
3745
3366
83
1244
2162
3691
1291
4326
3041
4945
3055
852
2777
3468
2275
4896
2345
4248
2743
1290
1105
124
681
4654
2851
4273
399
3037
2993
4271
237
718
3300
3506
1448
2179
3089
3228
179
1800
3280
1013
197
1288
2215
3926
1528
4395
4655
2163
2662
926
2850
1449
1476
4599
1109
4981
2531
1768
2745
3190
910
548
831
2111
241
2367
1659
3636
59
488
2307
3425
188
2522
1226
4781
2258
1463
3252
4236
1058
2287
2942
2159
845
3633
2657
4151
4285
1603
4276
1507
4181
216
967
1542
631
544
2911
1043
3794
3054
3383
3644
4895
202
4107
4387
649
3801
1281
2278
3744
4190
1186
4086
4542
747
1772
197
1669
769
4150
780
1621
1252
372
3062
72
603
1418
2986
26
4815
1803
2036
4466
137
4686
2507
3665
1768
3921
2008
4811
605
1919
468
4103
2588
4765
441
3971
2652
3463
3976
585
2840
2736
1846
4297
1593
1282
3406
3181
3748
4892
2876
2329
3291
1326
309
4050
3377
3378
3052
1635
659
4011
950
1841
3457
4977
1109
3761
792
2840
466
4211
1824
3784
1970
2321
2719
1138
2651
3465
482
2007
4343
195
781
1917
368
332
4297
3893
3941
4870
3636
859
1583
855
315
2780
2334
1889
3888
2438
1026
1414
2701
1271
1421
1440
3343
4151
2474
1866
3305
4535
3523
3056
3883
3882
1664
1819
2857
1736
2113
3454
3975
397
4825
23
2778
577
3156
2488
793
1947
2842
1893
2626
4983
2088
2231
2983
3016
1037
152
3162
897
1409
4184
4031
4177
4584
3599
37
209
3911
4605
1272
85
4538
4003
3116
2804
1519
2971
518
587
4502
1129
1410
1738
4768
3554
1313
4963
2906
874
3651
1543
2900
132
2811
4287
921
1542
4479
4646
4587
3822
279
1917
993
3237
1257
926
4276
4032
2227
2108
1004
382
1519
385
4166
2547
3163
1749
4054
2363
1029
3953
1801
737
1968
227
3875
2302
2475
2411
3297
4885
905
2418
866
3947
4787
3441
2185
4647
245
4793
3749
1694
3078
1804
3890
4633
3520
4666
1859
3731
4208
2642
822
4115
3403
2548
3052
3310
2978
2899
3102
4856
3216
2643
2239
3135
3946
877
4911
2074
4049
1456
547
2889
3865
3907
1457
3513
2526
4534
109
4873
4757
4153
1581
1662
4173
1328
4463
2780
2596
2539
973
4079
2430
3180
4600
3586
1629
794
1022
1850
3275
4442
614
2571
4317
1635
3289
1172
480
1707
3993
1463
1900
2062
4603
3059
1491
1177
527
4708
592
4787
2785
1177
3926
4148
3844
3866
3390
2784
2998
2795
2714
627
4569
126
2525
1963
4714
2873
2839
1069
110
4957
2520
1975
4316
1266
2725
1237
68
3871
3886
134
3319
3056
3238
195
2273
3322
2439
3467
2220
2011
2313
1419
4441
723
4238
3896
4966
2164
213
2035
1464
2594
1152
1531
4056
2524
403
182
3317
826
2056
1100
1263
4903
1054
503
3593
2081
4641
1499
3978
4879
2177
2756
3664
309
2860
3471
2187
872
3371
3551
2466
2391
4991
398
1067
1355
2205
1216
1911
1912
2333
2237
4210
186
3221
3784
2918
1054
3517
2564
2467
62
2565
108
2077
614
4452
3754
3424
4104
3236
4095
3933
3149
3887
277
1498
564
970
2074
3893
4251
4607
129
3662
654
742
3281
1768
1931
246
4378
789
4505
3893
3476
928
4148
2731
4845
4629
252
888
1676
3086
4450
345
4900
402
1235
4692
23
3713
742
1422
3390
24
1337
4773
1770
3069
2183
3662
1688
953
3435
1734
2394
2868
4205
4070
3875
663
986
2565
3835
3555
1656
4528
29
1741
2737
1522
1862
2225
70
2981
2665
2609
547
1631
1555
1153
65
255
1273
3873
357
1817
924
1956
4858
2500
3
292
1259
4659
2643
376
910
4255
3460
3384
2715
4767
3919
1693
1698
2140
632
4637
4879
2786
4474
1759
4610
4172
1943
4368
2060
27
2661
3658
960
4705
4424
1188
4305
3720
4703
4990
4138
0
16
2102
2099
2890
2056
785
872
4414
2000
3232
4204
4865
1896
2032
635
2215
4539
1167
3615
2405
733
4845
3150
28
360
4928
1637
1451
1149
246
4045
4895
1556
3576
99
4510
1664
4574
3619
2973
3507
4427
1680
4652
4720
521
3735
3846
1932
1901
3371
148
2795
3794
2843
467
3068
1998
3053
4716
2646
397
4120
4727
1967
2393
4206
3402
2666
4542
1746
3643
3924
3158
3743
4087
3377
2186
290
1177
4027
3111
2961
4611
1038
190
2238
677
4832
1789
1629
532
4391
1103
3632
2939
2167
2045
194
3500
4517
3575
2842
4907
4053
3270
110
265
2828
3389
2458
3983
2758
241
2298
2303
2181
122
4315
2968
4972
2597
3726
1072
1111
4432
2630
632
108
4930
2117
3890
1202
967
277
2905
1728
2513
3782
438
2569
1899
3181
4689
2092
2645
4577
4891
2475
1087
2835
2307
4836
1626
3981
3668
2066
3856
1945
1561
771
2353
2309
3818
1238
2418
3204
1430
1813
2543
1039
2016
1623
1894
1180
3382
3025
3579
1273
4196
2702
1987
2340
1318
2803
4986
316
806
1045
4255
3191
2139
1170
4527
1386
2683
2673
32
1555
1934
1203
3924
1442
2562
3546
3956
958
2800
3587
208
2144
2198
3177
3131
3153
280
4286
2692
3935
128
1371
1914
3761
1434
348
567
3247
44
3087
2322
1045
3526
3827
1123
2834
4798
1425
72
2801
3341
3837
3603
228
1033
3744
1234
1380
2130
1727
3667
4320
4435
896
4524
1830
1172
4381
3498
71
612
4589
4207
3168
2968
641
2518
1341
1601
2879
3638
2773
3058
867
3740
1844
2990
3780
4418
3906
2458
4600
739
4237
1680
2004
1183
1354
733
1375
249
2318
4258
3823
2010
201
4682
4636
388
1366
1004
58
4454
2721
2660
3798
4503
1594
518
2192
2210
3398
4514
4410
642
4731
4976
1611
2396
2071
2155
1468
1658
3729
1007
1960
3462
202
744
833
922
598
1197
4642
3729
274
513
3783
3680
2359
1220
2419
544
3306
4202
4693
4018
130
2590
1162
73
4500
131
1830
2466
1327
1040
4706
2701
2011
886
1282
4214
4
526
2843
4075
3841
2637
4009
2968
303
2857
2430
1761
2858
83
1017
414
3042
2947
1636
2530
4940
2011
1661
1321
416
4697
2296
269
247
2497
68
4264
3833
2494
404
4512
2613
2712
4691
2968
4871
3344
4728
4606
2066
3373
982
3282
4358
4627
3542
4491
474
2802
2193
780
4581
2471
4497
3116
313
622
3306
3979
4616
758
2602
466
1561
2072
3076
3188
3787
755
1344
4231
1722
2946
4216
4983
3248
1366
1920
2085
3963
165
1689
2303
688
12
606
4597
3390
2963
4139
170
3164
4133
4241
3770
1440
4706
3443
2042
3060
3317
3842
2197
3400
332
2381
1782
2166
2058
1342
2846
4052
4420
442
1257
3886
3129
4454
4475
1444
4878
2747
3558
3572
1590
4659
2662
3782
2262
2102
1852
1978
4417
3317
1467
4453
4717
4171
3852
1844
751
910
718
165
3541
779
1916
2603
2784
4401
3919
2219
4380
1337
3767
3212
2258
2723
1787
905
4043
2393
3844
3109
2594
395
1414
3019
2941
308
271
1297
1651
4259
1046
2509
3158
2055
2461
3549
96
3338
501
4242
2139
4148
4329
2740
417
1834
2196
904
2007
4690
3150
2306
1547
235
2815
3014
4505
3548
4024
2823
4118
4553
587
2071
1561
660
4976
1717
1341
3689
3203
1822
1483
2452
2682
1094
510
4923
1346
2659
771
1395
3811
3700
130
2524
2853
4137
1561
3678
2000
1997
2672
4489
2500
620
4692
12
456
377
2951
2408
2413
46
3393
4550
169
491
2131
4452
3101
828
2606
1943
3771
4704
2352
1482
119
1868
3922
2515
4999
2679
1986
1295
1351
706
1150
561
3798
1086
1515
981
4922
4786
1508
775
2042
1431
33
2413
2730
852
2440
2801
4883
1013
2380
861
4609
2468
4054
3908
2722
2009
1891
1731
3115
661
2193
4790
3807
3677
3775
424
3931
2693
2125
3493
2456
2693
4124
332
1910
3953
2857
2466
2905
1603
4536
3944
2726
2978
2080
3736
3780
407
2372
2085
169
4597
1732
2210
3194
1268
1634
1287
4046
1200
4193
2098
4474
1340
4469
4266
3722
2134
4098
1466
2500
3731
3299
3543
2279
1222
780
4913
688
1576
3573
3181
1299
2407
1337
4367
3578
255
2148
3647
1278
3521
4322
3018
65
2715
1289
4799
2656
3180
4060
2361
2240
2935
3304
2004
2482
806
590
2379
4868
2500
793
370
1697
4768
231
4836
481
318
2529
2116
3045
3651
1773
4711
104
442
4961
2052
4606
656
3295
4743
4602
3035
4343
1203
3957
1115
4602
3109
1650
3444
4488
3537
2961
3134
296
4224
3334
4418
149
835
3172
1367
3469
2667
4374
1427
1018
674
1872
3910
12
233
968
1131
1362
2548
3732
2316
3563
1108
267
2954
268
2097
3095
4744
1070
167
473
3794
2531
3477
1890
2228
3985
4406
1561
856
151
4846
3164
3069
78
2486
1627
2606
4465
1977
240
358
879
2412
3860
2857
3902
4997
1510
2617
4746
2337
4140
2971
2358
3248
836
2571
554
4480
4260
2197
3205
3280
3593
4043
2014
2185
776
1123
3913
4961
3322
1970
2611
90
4477
3261
1314
713
4021
552
1174
2433
483
4753
2469
2882
3053
4518
3065
4473
3971
2200
1182
4220
4680
3522
1997
2047
1516
3628
122
1500
4223
4664
2475
4239
3070
2558
3583
2256
2852
3131
2859
4186
4559
223
857
4647
2990
970
4063
2999
1100
895
240
439
4350
3979
3863
1820
854
344
3665
1126
597
1732
1844
1991
4501
2417
1947
2166
1633
716
4965
3360
327
3750
673
339
1503
609
3749
704
4960
1594
1696
4244
1936
3667
4101
3281
4707
4780
269
2905
1502
2247
4749
2506
2533
2792
2799
2513
397
4452
310
2749
656
2980
224
1290
854
2901
4982
265
3770
890
2018
2472
3177
1619
1859
242
2893
3724
820
430
2404
1063
2875
1977
4840
1915
2687
4902
588
1263
4369
2178
2319
3842
2974
3359
4711
3089
3274
1389
4656
3658
2836
1492
217
2652
3939
3541
4140
2245
1360
1828
173
3818
564
3628
3000
1302
3317
466
53
3855
272
3504
996
547
2541
1938
3149
2202
1797
818
3648
3051
931
2203
1608
2363
4800
1053
1081
3695
3086
4757
3088
1928
4814
2714
2497
749
1550
4870
3046
717
3808
616
1273
587
2701
1951
2649
2047
1376
2320
685
509
3245
36
2306
2130
1558
2681
255
4705
2351
1404
831
2592
280
1521
2722
3334
4405
3310
227
1116
3419
4431
1643
4733
2386
2851
1096
212
494
1699
4611
747
1871
4954
3675
4112
3986
359
2108
188
666
3491
4494
3789
4274
4367
1973
414
4055
515
3664
103
206
2901
4504
2040
684
3624
2786
68
291
1788
3175
1767
4064
1449
3485
1250
4509
3054
991
3340
4696
2268
1572
4281
1760
2601
2453
1631
2830
744
1829
3510
2925
1007
1161
4843
1841
2788
3416
768
4561
2450
3035
4848
2231
3546
912
2265
3214
1763
162
636
1265
3518
968
3609
364
4604
271
4904
3218
2786
4601
2948
2988
763
1826
3759
255
3389
93
2243
4756
583
4753
4552
3938
4802
1538
1662
2840
4514
1787
1833
2352
2554
2992
2097
364
786
443
1437
2860
4964
3265
812
4464
1211
615
2685
484
3008
1329
208
4983
112
2798
3722
1904
3303
2351
4724
3785
1367
1935
4970
90
4221
4358
850
4697
3589
1892
712
4557
130
514
276
4078
3429
553
3800
2242
3756
2042
1158
2007
1996
545
3482
4007
1668
1748
2517
4100
4413
583
1366
1772
2896
3186
1754
3954
2489
2446
496
1263
669
446
297
1210
522
3570
2564
397
2273
3556
2370
247
4225
276
3238
3281
2046
4527
1889
4496
2775
1615
621
4845
2486
4006
2476
1384
3990
3839
1834
1090
3494
3563
613
2898
2629
501
2719
4976
4733
3603
1902
1780
1820
3179
677
2916
1118
1898
466
3337
2606
2819
619
1912
1431
2751
1465
2891
1628
1712
4053
2306
54
1777
1742
3836
1919
1089
1288
1159
1841
1318
3593
1338
1831
4347
1766
1257
97
1472
1659
1646
2092
891
2522
734
2698
1760
2950
2036
972
612
4763
3335
1326
3405
4985
1373
2591
3984
3574
4287
3832
2246
2062
1311
3344
2781
756
1806
4727
2271
4659
3101
1447
1433
775
4227
3791
4781
1942
36
4619
3994
4852
2757
2818
3169
2421
516
878
1738
3163
4851
472
3335
2713
1744
2471
1387
175
3222
280
4720
4436
4036
2919
3953
3104
464
1742
1966
4234
764
2200
4216
3493
4308
4572
2198
1916
3928
43
815
1921
3504
1061
2942
1727
338
2359
1978
837
4320
1564
652
1745
3440
788
1866
516
2672
3113
4873
1399
750
377
2544
3137
1882
1158
3029
2111
1925
380
1581
4996
1052
4427
829
1069
2451
3185
274
1835
4070
2916
3304
3120
2962
1362
2491
2298
4238
4001
1468
791
4181
2842
4150
4518
4528
1680
4602
2432
2484
4215
3310
816
3459
3931
3163
3484
1096
2157
898
541
1600
3203
2322
877
1903
2983
2056
1022
3703
31
1122
548
2896
319
3113
1651
1451
4771
2265
3085
1235
903
4182
1093
1843
2464
2519
2498
1944
3515
2384
2613
1194
827
3756
3111
2224
1023
694
2537
4763
1362
4613
4585
1396
562
2418
1833
2013
3597
2772
58
1467
1833
1283
817
2481
2451
2878
2420
3322
3529
2167
1986
2290
3717
65
3703
3540
2886
2444
975
1273
2680
4124
2602
1834
3360
3954
640
730
854
4285
120
4122
425
605
3261
1804
844
4626
3339
1211
502
1594
879
4485
4336
111
2310
3121
3006
251
3751
2243
3208
3246
78
4022
528
3520
1931
2278
3771
1369
821
2800
2128
2048
4979
1400
4131
4558
1125
4251
4766
913
4792
2531
4677
4164
4375
898
2850
968
1558
1839
1695
1975
3274
426
917
819
2847
1487
4105
4998
492
3758
4425
4416
807
3014
3327
872
2430
3738
3686
4281
2503
1337
1265
3901
1117
4452
915
352
3373
4384
1424
1713
4233
1170
405
4460
3808
3344
3148
2551
3245
907
1827
420
3860
3546
3980
3174
4686
3621
1658
4761
1076
967
155
2403
4542
4026
2729
3069
1452
4356
209
270
777
4033
1905
1959
3516
2990
1721
2812
3974
817
880
1678
537
54
1171
2477
1107
510
109
4322
854
1642
1936
4159
2433
2516
853
2687
1334
1390
396
1860
1512
4451
359
4739
3956
726
176
974
3355
2712
159
3714
516
4750
4510
1198
690
3668
2497
3840
460
3740
1725
64
3355
474
4877
1684
1838
278
3859
2105
824
516
2741
3127
392
2006
3398
3635
2844
3474
271
956
1758
4
3137
3161
3210
15
4312
3095
1800
2793
4172
2419
1657
1111
1423
1444
66
967
2007
3033
3880
2976
3056
1358
1371
2442
802
3799
4678
2639
3853
1743
504
3341
728
3598
4226
4127
3074
776
61
4492
3457
4931
2465
290
4146
2255
1398
3560
779
3076
1628
236
2341
2574
3719
2802
1335
875
1876
2401
575
3315
1277
2443
485
4146
76
3238
3335
4476
3711
4682
3294
2714
1690
1535
3729
3314
4500
3319
644
2076
798
3358
3662
3821
2546
4011
3474
682
3238
2611
2137
1822
1881
149
145
2847
2881
2236
1679
695
4499
4366
1925
2288
1022
1024
2890
2721
1314
658
1603
1279
3901
1056
2120
1053
1240
2147
229
441
3345
774
2271
2319
3400
4453
1975
4152
543
3666
1720
4841
2456
4702
2125
1578
2933
2589
1375
2484
2068
1152
3189
3337
4229
4706
4844
4129
1475
3449
4139
3782
2561
2052
1739
3766
202
3506
2772
3915
1744
2730
4104
1226
893
2005
1201
4916
676
2723
963
3520
267
527
4467
2308
856
3336
995
1815
3201
4308
2276
741
2028
4265
3337
4032
4934
613
3865
4399
948
2286
1508
3069
1404
2745
988
3042
3286
571
464
647
2702
4670
4030
3659
3637
3633
1766
1783
4653
1274
1243
2758
3672
2887
1888
4890
3525
4240
1116
4273
3402
2847
3641
2495
3863
3551
2856
3100
578
2937
718
2592
4440
4622
4
4261
3207
4938
381
612
2344
1052
2175
2682
198
1049
4251
2019
186
3004
4917
3609
131
2583
2240
535
1425
1204
2705
3641
3149
4280
4599
1989
3833
1580
49
2390
984
4250
2096
3786
1073
504
735
4767
96
4539
4313
6
2407
681
190
3890
2943
2321
1078
2128
526
2646
964
4623
2378
1715
2010
378
2513
1898
1351
2732
4167
1222
4195
696
3915
1648
2122
4674
2633
1799
2994
2344
961
1204
1389
3002
4428
544
957
1118
887
4972
2597
2408
423
14
4885
3202
393
2085
632
1376
734
3167
998
4640
2230
1657
1062
4468
2860
3931
3242
1431
4903
3661
2501
239
2956
3390
4709
254
504
434
2096
4768
226
1605
2190
4815
668
3809
4141
817
4448
51
3854
2820
657
2862
1814
2623
1607
4690
41
3572
1568
2295
2042
1299
2677
4655
2199
1193
659
1441
3487
876
509
1572
4924
3475
4814
3892
2663
4960
4849
4498
1140
1347
2118
2749
3170
4019
488
488
404
3978
1571
1508
3060
3289
3527
790
323
4498
914
558
325
1317
774
2656
1114
1345
2587
4312
1510
4113
2262
1786
3271
235
2815
3962
3450
4940
1895
395
3374
1767
3812
856
3135
4721
1217
903
3008
4638
4111
504
698
3078
1306
253
820
4496
2027
2204
528
4990
2792
4852
2688
3408
2232
4299
507
3077
4006
1134
27
4962
468
53
4377
512
2245
1758
1213
4989
1375
4158
2224
4555
3170
2417
1134
2905
4452
4860
4092
714
3324
4287
3865
3693
3133
1716
1726
2530
774
2087
3469
494
2000
3968
3428
1987
3886
2774
2926
2830
2112
4553
2052
548
3214
4857
1177
455
4463
4728
1111
811
1525
3341
3306
2826
1564
4324
4021
3802
1938
292
3839
4198
2149
2626
1461
1878
4198
1028
3168
4351
4008
4879
1863
2264
4066
937
2103
4936
4944
4410
22
1217
845
2917
4550
1447
1854
391
3839
3804
3018
441
3306
817
2939
1210
4181
4320
2020
1254
3992
4646
3031
3481
2870
2318
4136
1681
2098
3043
2056
1668
3796
4269
513
1576
3162
4102
1610
3341
2158
852
312
4886
1070
3999
4672
58
1823
4858
1973
839
4480
2714
3431
3862
816
4728
2613
765
1376
377
244
4416
4935
3716
539
536
1742
4247
1723
1755
4487
4669
902
3631
3362
1300
935
4663
4153
440
4459
4829
748
1462
2737
4680
975
4922
4469
4525
2186
1448
2235
729
470
4710
1717
3670
4921
4239
1364
4369
866
1384
2651
4340
3447
4181
3593
677
471
4422
659
926
940
2703
1762
4751
3155
4730
459
1950
3807
4668
4036
3834
1965
3809
619
2507
4359
346
2984
76
867
3533
4203
2331
1617
3009
2795
3907
4605
1566
2539
4487
234
2156
4599
3044
1690
2392
2116
4687
2546
2359
4934
2117
515
3978
4601
1232
3749
2739
2319
2925
3593
57
4982
578
199
2057
1969
316
4916
3041
2844
3525
839
4446
3622
3687
451
2553
1757
2040
1747
748
2499
4118
1747
4590
1797
1689
3816
496
3382
2121
2676
1305
195
4713
3549
4507
2826
1022
4296
