6602
5352
5297
3055
2204
631
4536
1073
3022
7300
5927
3922
7301
4348
5073
5804
3122
6700
931
2414
6963
2985
7182
2752
2949
3713
2393
7078
6163
2278
6693
2820
4629
7460
3957
3963
3310
2347
2221
5735
7254
3353
3827
124
2227
6748
5514
6523
2455
3870
2455
565
6327
2461
3975
2921
4671
2761
4911
1124
2465
823
2885
3724
3592
5193
5442
4787
1988
4388
4805
578
3808
6339
6726
1443
3963
4732
1168
700
1627
897
6302
1083
599
3695
6055
540
4093
1048
2694
425
2354
5555
4670
5385
183
2852
6226
2987
233
2646
3984
4889
4201
6087
2012
2588
262
6909
5586
2054
6352
5011
151
5295
2670
7385
5706
5640
3003
2583
593
7304
734
3638
7435
1014
1638
3099
200
3757
6834
2625
127
4438
495
5783
4498
5997
679
1496
3493
5790
2891
6802
6610
7263
2230
1337
3881
2233
6239
2233
879
1820
6806
6842
239
2810
3244
6953
1180
5028
7381
4436
2272
3980
2799
6975
3915
6847
6562
1320
3284
3597
3053
2720
703
1283
3266
5468
2706
817
6681
725
3248
1763
6569
6550
3314
4452
3332
6293
5404
4961
1757
2799
5632
4756
1769
2070
2420
547
3558
6315
7025
6147
6693
2573
7379
4385
1559
4303
5479
872
260
4646
4815
2662
315
3751
563
3607
3281
6358
6530
1956
4145
2046
6591
4490
6108
4334
7090
5242
6610
3529
2957
5599
1713
7030
4007
3836
7192
6979
1668
5867
953
3941
118
277
2639
1546
7061
1923
16
3245
3140
2144
5522
1117
2703
4889
5066
2892
7423
1808
7459
4614
2989
5595
1563
119
2880
2134
7039
2238
4417
750
3282
1915
3617
5605
4927
5144
1555
5036
1011
6413
6236
4391
3664
1060
197
4146
5940
229
5339
1360
4640
836
5206
6261
238
1726
6212
2013
2274
3436
5538
4457
4818
232
4694
7374
5366
6864
1464
63
1784
1178
1743
300
3142
5035
6473
4439
4073
4689
183
243
3488
567
1361
4206
2282
99
6137
6441
870
3534
5516
2408
6178
6417
5152
2048
1438
1134
2878
608
902
1217
3008
4204
327
3308
100
4429
5357
475
3718
2540
1135
6792
6882
28
284
4343
7214
3621
2592
5108
6009
6506
3525
3852
4216
1328
4922
6992
3061
1758
7478
3564
5798
674
5884
3257
5822
6763
3727
151
2631
5066
1506
2100
866
5805
4880
6924
3922
4489
6505
5337
2345
2638
3572
4281
6035
2144
4393
583
446
2584
3671
3615
3304
4515
7275
6870
4553
3069
3670
7139
3529
4872
327
1195
1085
100
7254
6165
3161
5217
3471
3513
6026
3178
1074
2804
4677
1666
2726
5165
2141
6142
4690
2623
1139
764
6261
3241
882
3963
5215
720
2944
6741
120
5887
3980
2964
1637
6250
1756
2211
6147
1038
7223
1982
1337
384
6634
4794
2089
1103
1422
4474
6287
203
2337
4694
3897
6078
566
1544
3940
3535
2327
694
2702
5096
7166
926
305
2224
1451
7110
3988
1420
4782
4392
5213
3841
817
1666
3950
872
240
1103
7264
1828
7353
1812
538
1193
3036
6895
5971
6585
552
6982
1689
4852
1929
7006
3583
2489
1413
1789
747
2781
6220
4733
1599
3355
3564
5150
1572
4057
1717
3539
1967
3830
6565
360
3333
6513
1394
5085
5480
6729
1414
1095
4992
5795
3226
703
7342
6307
5732
5857
6972
5349
5223
1315
4941
2465
6129
5852
2515
4850
2648
776
2792
900
2772
1314
3730
4569
4915
164
7185
6687
6133
3753
4821
3171
4687
3004
3000
3799
916
1656
2508
3961
4154
3932
2730
3071
4691
2112
6137
7056
997
791
2680
1091
3698
5884
7472
2505
1544
170
3851
36
5846
5914
180
1840
1114
1379
20
5947
899
1764
3998
3066
6543
3863
507
5430
352
2
3591
1586
3402
546
5118
3312
6984
515
4601
2074
2901
2123
6291
1216
4115
6268
4374
1269
3481
2283
3416
7090
2036
3994
4881
1720
2095
3871
6856
660
6632
5832
330
3964
2673
989
1642
4833
196
1886
6955
7137
6774
7029
5863
522
1924
3740
0
3034
1433
1154
6245
7428
5602
6392
5394
1090
4186
3204
3411
738
4477
3643
1100
1818
290
7050
1834
1283
5822
4411
3167
1165
4625
4878
4475
1612
5179
4990
6457
3320
786
4915
4613
5520
2796
7237
5070
4453
4863
5093
4850
1001
2253
211
2447
7392
6409
5144
3322
1652
6270
2737
3670
7239
4089
4642
7080
6502
2204
1911
4936
424
1031
1974
5171
5784
4737
5045
2738
2192
4847
1754
6401
2643
5748
2549
213
5033
2352
672
6782
5788
3872
6747
3191
5548
6471
4282
6676
567
1251
1633
5928
2249
2828
7223
2620
3498
4968
6066
4025
1802
6027
4389
6336
5221
3171
2902
4535
3702
617
3018
937
4397
5880
4056
3257
892
6748
5738
6812
5042
489
4017
4220
3810
510
2039
2205
7300
1953
1783
6356
5388
3969
5681
5976
6648
2654
1248
2349
6968
7374
3049
55
1546
1968
5017
4689
178
1069
7440
6580
2021
3012
1661
1396
2231
4583
1781
4718
1685
6576
6415
6450
2162
2906
2301
2188
3198
2250
5304
2388
5508
7462
3120
6455
7162
1734
5214
105
4927
1756
4297
620
1956
1833
2396
5837
4244
4221
3296
6500
7009
4645
4414
325
5947
747
2401
2386
4504
4936
517
5181
7110
1894
2068
2997
7030
4696
467
3924
3763
7301
2707
1622
6163
2389
6789
2720
3691
4775
7412
6937
4488
1891
2966
5796
2675
4070
3121
2030
3559
3609
2570
3053
6671
355
2713
5594
295
294
1830
7356
2425
2370
5548
2817
6812
39
638
6519
4024
5264
3944
963
3697
1463
1993
2474
2888
5625
5582
7129
6716
3587
4881
2629
1197
6201
4362
3201
6961
5390
5592
912
1258
2799
4687
489
1934
2562
7479
1006
3303
5881
1689
1558
5068
3935
1651
6766
4236
6837
7391
4237
3684
112
1100
2326
4804
1461
2805
2821
392
4269
775
4398
2717
3098
3471
1464
2922
160
6081
6750
1700
489
5931
2249
7396
7303
2330
4378
6479
2799
2640
5455
5036
846
116
7363
3716
6834
5318
7007
4812
1135
6637
6918
3868
6446
1734
618
4526
2959
5447
6115
1493
6625
3436
7110
333
6983
4654
2811
3988
4777
4404
3431
4700
3376
3548
7253
1269
6692
659
6356
5301
5119
5168
4371
3885
2196
3295
3373
7355
3502
7314
3263
7072
5497
7455
763
1891
3313
1981
1365
740
2711
7243
1362
2466
2706
5750
5806
2905
1579
4072
2011
303
267
1096
6955
4051
3372
954
3196
2878
6759
6155
1654
2434
1985
5225
875
5943
1554
2906
6134
2824
2710
2200
5488
3984
6267
1312
6129
1178
711
4784
5664
1618
5554
6881
1664
259
1671
6499
4104
3423
117
4176
4042
3689
2139
2965
5660
4718
4390
1255
12
3438
4557
6807
2599
5762
3908
58
3127
5750
6975
3509
2053
4407
7371
5217
4789
5512
4961
5701
5659
4680
5890
3817
4981
6553
5685
3380
1381
3807
4424
6091
2687
5388
1705
5074
5031
2665
5402
4545
6001
5893
1932
4943
1464
2189
4534
1532
1918
4921
7280
3314
2970
694
6310
255
5820
1353
6016
5658
7346
7159
6682
4209
3146
6092
3781
7499
5667
2923
2942
2567
748
489
5811
2766
2228
1844
780
1492
434
707
3842
579
1693
6374
3531
3898
7206
3024
5200
5474
910
2083
6112
5141
4673
5075
6581
6065
434
5621
1146
4649
2664
5528
2517
2144
5724
1111
4769
3493
7021
4701
6030
2718
3031
4983
4632
2891
1581
6112
6477
2483
7476
4248
2586
3651
2346
3971
7076
4237
3312
705
2051
6553
3840
1610
7124
4727
1378
3588
81
6168
5156
842
3899
3942
3735
649
6612
611
3186
7271
6758
330
2992
5182
893
2238
5542
6526
3407
1966
1322
6480
5116
4275
3164
1443
5879
1150
4162
3731
5219
883
114
5180
3677
2442
3600
3355
3890
672
3057
5265
4124
6639
3955
2271
3249
3638
436
3593
2388
3187
7035
2110
7224
1543
6323
4849
1202
1030
2095
1858
6108
1740
3968
5873
5263
395
5471
6446
3310
6921
6530
969
5332
3022
7407
6262
1789
3317
2498
3136
4504
820
6068
2618
2678
2323
3298
6253
4182
2970
1245
4146
1094
573
5586
690
2229
3964
238
1625
1636
938
3233
4864
3307
5073
5938
3761
1070
4477
3995
227
3911
6767
2085
6390
5704
3313
5868
2193
4583
2059
3223
128
946
4452
634
4507
4317
793
4339
1455
554
2040
4596
7044
7149
2373
2685
2232
3072
3057
3992
7048
3439
6918
1797
2666
5449
1446
2610
6318
839
4867
5191
202
6354
5682
6577
4312
7442
5014
7257
1859
6674
7277
6342
7208
4627
3484
3831
2
7196
2728
850
391
7089
6143
7461
1549
3482
1389
3897
4382
56
6950
7355
5619
430
4300
2671
4200
1190
4740
1524
4617
1524
6434
3493
7169
7184
5956
3607
1252
2764
7394
7228
4156
5033
5801
1881
4000
6294
545
4398
6751
3013
349
5468
995
1209
580
4976
2876
6322
7072
5218
2372
1558
4529
5367
3346
4933
3820
6789
1028
6523
6196
5079
6854
3617
3733
910
1839
2798
4049
5580
3400
4159
3589
5832
6803
1646
2529
6343
1156
7267
591
1963
1123
5648
6815
5579
1770
4162
2594
6202
231
2638
3508
5656
6604
2855
1763
946
248
1829
2271
706
1414
6616
1678
2793
4374
7119
3389
6423
1964
4628
366
932
5230
2591
3781
4541
3079
4828
4279
5217
5624
2700
3940
4507
3635
3938
5703
1434
2764
2144
817
4838
2486
7179
6112
1247
3400
5427
4135
4163
2833
178
2950
6843
2412
1104
1148
1962
2522
561
7361
2752
7329
717
4834
3979
284
1724
2846
4866
3788
7422
5525
2331
2920
3813
2366
1635
4434
4293
5977
5308
3407
4366
1378
4962
1248
7327
4873
4348
4956
1161
6809
771
1325
3123
3767
5713
1001
7247
6970
1780
3577
3762
7470
6841
1128
3155
2404
7445
6384
1360
2861
7398
5437
6307
171
6100
1175
2321
6146
2501
2349
2604
1579
4286
4453
6273
6053
3149
4842
2710
5840
764
748
4687
5460
1319
5132
5515
7172
2711
6521
6692
3965
7270
5286
3792
335
1618
7492
2070
3893
1521
3777
2033
2109
6356
1913
3942
2236
4023
5472
1489
6202
5948
7280
6142
6036
5512
2562
4875
6601
4516
475
5278
3704
1060
1424
3282
6860
920
1353
4978
4773
5805
5426
5268
323
3085
7264
2328
5597
368
6169
3131
3789
2014
3507
1492
975
965
5660
3887
2107
2989
4733
2026
4224
6700
1931
4913
6218
1462
7276
6873
681
4045
5592
4295
7127
1127
2423
5052
7153
6014
4816
857
5815
6687
5626
4026
4789
6020
6276
6377
6589
6305
4145
6768
407
3916
1999
2488
3870
3741
3136
1004
6244
6731
4678
7277
7415
2679
5170
5655
5651
4089
1410
4058
983
3241
5692
1953
2223
816
5868
2341
6932
3187
4417
4255
2372
1736
6425
5986
1756
3806
2667
541
6326
1151
5200
1047
5062
5489
1640
2601
76
7015
5552
797
4477
496
1618
3404
758
2287
506
5449
1504
404
2116
6663
5468
980
7119
4056
5806
748
2964
1078
1022
3888
4281
3609
428
2848
6331
6776
4645
4013
6458
2809
5466
2818
4680
6435
606
4167
3368
540
158
272
7169
1088
5281
1768
5598
1519
3429
4211
6981
3127
5665
824
1152
4140
5360
6098
2098
3988
3813
6101
2948
502
4604
2623
2010
6519
2217
6984
7241
3629
1731
655
5360
2049
5131
3516
5489
4368
1022
4379
1028
4627
5821
7135
4657
488
5686
7123
156
7464
4764
1094
3456
454
6529
2870
1600
4055
6274
3064
7022
1898
1545
2463
3335
6486
1070
4936
5030
4767
1466
1988
7281
935
2289
7297
3247
6674
6221
858
2580
5358
7421
6101
3523
2917
4863
2068
2303
4361
6193
6531
7218
6205
6407
2152
6098
1261
4389
4039
4567
3555
4124
819
1269
7331
3605
80
2483
390
763
283
2304
5742
4439
32
799
1813
4713
1770
1330
2679
3128
804
6943
6077
4605
6726
2012
658
4110
5630
6554
2739
4846
200
1884
6518
3536
6053
2536
5500
2093
6426
5621
6610
3708
6091
2545
7236
171
6580
1752
6672
5963
6100
7424
7215
3416
3737
301
1383
4490
6314
557
5499
3465
2506
3876
1119
3587
80
5684
2040
4480
860
2184
3381
5853
1780
3130
453
4312
1643
4998
6424
1320
4431
4493
1490
6598
6281
1048
5065
2521
1989
750
1189
3799
5658
355
6180
5495
1325
1317
1218
6175
5706
2505
3892
4232
1398
6533
1404
4196
5157
3359
4442
6053
7110
3595
4448
6895
502
2693
3252
2928
2855
916
2833
6150
3125
5290
4169
3732
5746
3433
414
1912
1132
456
5904
7439
3540
3843
1196
5868
863
2482
655
7252
2243
4784
2802
1035
5594
2038
7416
3172
3404
4449
2127
7305
6423
1010
4975
505
1098
5640
5680
5413
354
3267
4600
1801
6099
3256
7114
4355
5550
6376
7414
7240
7234
2721
6941
4729
6292
1744
3951
948
4927
1851
6938
534
114
5702
909
5754
4434
3656
1738
4382
4632
1529
84
3879
6265
80
5110
6171
1553
2409
4489
1075
1284
1678
5924
176
5383
2830
6672
1685
512
733
3807
5592
1807
5914
4206
7154
2104
2806
4485
5508
3275
6690
4882
471
523
6731
4811
6813
4256
6308
6577
6549
392
537
4983
3555
1198
4676
4316
3545
5044
3316
2946
1220
2159
1551
2020
115
2254
3028
988
4463
3638
6061
6443
1106
7156
235
2015
5764
2088
2158
3292
4190
4851
288
3020
5032
2616
5020
5542
4928
2705
6432
738
142
2371
5882
1428
2782
4828
6365
1985
906
1124
309
4636
550
6245
4728
1190
6489
1526
2406
4174
4758
6754
4031
111
6257
6563
7460
1431
4465
6972
1519
2238
4065
6696
529
6929
3531
1564
1973
4388
5978
1681
3462
4253
1303
7166
1453
479
1439
4592
2856
1181
4248
4990
1976
5003
5364
5511
6454
2986
1023
622
4627
6175
3682
7428
2980
5444
5977
6001
3615
6280
4806
6807
5408
9
6098
3593
3765
6695
2049
1357
5174
6195
6392
5243
1441
5114
4472
2480
2319
3632
1202
3225
3914
4947
1171
7411
6577
3815
6465
972
4666
6914
1500
6042
1892
6538
2902
3496
4627
5323
1238
7438
1882
6020
152
4996
4355
4035
2183
3537
1230
1715
4339
3652
4650
7126
2693
5037
3023
6307
1578
6109
608
6719
4157
6978
2021
5898
2419
6644
6611
5520
3411
3999
6364
7382
4727
1028
7254
6530
1085
2793
223
504
2502
5068
6709
7455
3393
1742
4883
7106
3131
2837
4033
7293
2354
5251
5759
69
586
4600
6900
2615
1954
5251
363
6928
2051
4416
1286
3531
250
4909
2194
688
2996
2435
4581
1848
2403
2011
577
5322
674
1883
7142
3905
4656
7044
3932
3451
1073
3225
4784
609
1740
5952
1480
6226
4292
3031
2206
2147
2733
2592
896
381
5859
5014
2360
2393
2837
5876
6889
4982
6492
5767
4247
499
1111
6587
722
5369
287
178
1665
4675
4127
3905
3177
4269
1349
6545
5382
3154
574
6597
3443
2615
3865
6362
6252
7347
4293
1412
1458
41
3104
1307
6768
2188
751
1159
6175
66
2367
7414
1053
6157
6955
7463
4774
4969
5860
1423
786
1002
4800
722
308
348
5019
6830
2071
1142
2856
2247
5285
4372
3264
4620
5734
258
1595
6082
6192
1710
4188
6184
1067
5072
4550
5523
3952
2160
695
3429
3005
6315
418
1817
2823
6457
2565
6070
243
6881
6093
2551
230
6770
4958
1116
1784
2168
5643
2228
35
6890
2859
7038
1936
2608
2723
5032
4250
2100
6460
5124
6231
885
6423
7276
5681
1241
4978
3029
5800
3836
3055
7044
4011
953
6408
5505
5168
1546
3880
3515
326
2115
3222
4819
5998
1126
3766
980
66
968
6492
5864
6768
5179
791
2539
1932
7423
5967
3451
3386
2455
1780
989
2709
561
6072
1792
5742
695
6277
4408
3045
1319
2855
1172
2702
4157
6459
6408
6660
7363
6867
4305
3028
3333
2987
6095
5486
144
6979
4876
2252
6856
6789
2702
3259
1655
2640
3280
2975
3089
4288
2417
2534
856
7071
4536
6103
1406
6066
7401
148
4808
6391
5897
3033
3158
6455
1979
6115
4472
2191
4144
6262
7328
4086
3539
3460
5218
2538
69
5941
5871
853
5603
6491
2003
6415
146
2369
6248
1832
590
7
4247
4107
387
1914
6134
1128
7273
6947
5393
1018
4887
6384
2833
6161
5407
6968
2156
4924
4054
3328
7361
2894
2569
5976
3457
6668
2537
2275
3230
4491
657
1574
6547
6793
6822
4412
7415
3420
4605
1970
316
5607
2537
3201
1005
6989
5761
799
3295
1692
3930
931
7047
6319
7468
5406
1338
6345
3036
3706
574
6258
2828
6045
2494
6458
6042
2377
3326
3732
2152
6033
6572
3341
6824
6902
3149
4527
5098
329
1885
7472
2685
6654
5589
3519
7499
59
4188
4195
7273
6657
170
3334
5375
5474
2800
2849
686
4767
6365
3947
3635
2343
1414
4335
4272
7285
4244
718
6967
4292
3596
7125
2608
511
4821
5872
409
6074
2972
6703
5169
5732
5082
3404
2119
5275
596
3445
189
153
198
2434
825
2466
4516
3942
3204
3761
437
1491
2959
2282
4021
749
5282
2126
248
6238
1989
445
1073
5586
947
5144
4544
3138
4928
1724
1435
961
5785
1712
7169
1546
3538
1330
2976
5246
3738
5346
4051
1755
2718
4753
3675
3676
4087
3231
3546
1462
1080
3529
6802
297
5623
3715
3964
3188
6214
4452
793
3345
3001
2231
5788
121
2136
7220
3811
4067
5290
667
6078
407
3929
5518
493
1470
6702
5169
5063
7374
4569
4041
3385
5522
7011
2377
2420
693
1439
6453
6567
3781
6664
4107
5740
979
5030
4280
3962
3958
6574
2963
6183
327
7327
4249
4834
2432
5101
3892
3821
6287
7389
4056
1475
6184
7223
4173
165
4276
4111
6578
1576
3184
897
4347
2882
3428
1176
5014
5290
1210
5598
5078
5204
880
1692
6477
1978
97
5554
4959
11
7000
19
4008
1645
2437
168
6753
6120
4043
784
2038
3562
2709
6620
2066
1743
3256
5079
5288
7082
7344
7170
1968
5148
5415
1354
1094
4628
3233
6132
1042
2498
7294
5988
2689
1889
2172
1549
2376
379
1585
3559
3405
5188
3739
6550
5989
521
240
4289
6822
6040
4117
392
5698
1696
6265
1186
5350
407
5844
4198
1920
6317
1438
6870
4753
5126
6013
3869
413
1711
2478
5085
4609
4038
397
5199
4450
6089
5638
4404
2200
3795
3521
3665
442
6702
7247
6611
4854
4361
2168
3914
4483
176
2683
2285
5712
4193
7318
6426
4842
52
1282
1057
5438
2619
2036
6378
2894
3991
4694
6567
4864
6895
2783
4687
2484
3187
1165
3597
6076
6457
1676
1239
227
3956
5763
2401
6937
4350
7182
316
6751
1513
4041
5218
4041
859
3246
5695
1373
3443
1636
7471
4114
4313
6862
5450
216
5351
7304
3660
6345
1585
6575
6431
5262
1208
1900
5433
659
782
6931
5932
6838
5877
5784
4355
4428
3610
6351
5554
2050
7331
4675
6854
2612
4940
5953
7247
6642
6059
3936
6362
1347
4557
4306
6539
305
6654
1298
5143
7469
1091
627
5462
411
6596
5524
3305
1464
5643
6408
156
1696
4716
3510
7500
1376
94
5485
3164
6872
6853
3315
6812
131
5106
5044
2915
5681
6192
3145
5839
1315
2804
5068
2894
7385
5798
6259
2451
3379
6652
6210
5499
6693
829
6820
241
7288
1010
3621
587
3128
2943
6682
3167
2603
5387
4199
3705
6328
1887
3115
7377
7007
870
7282
1509
4786
6779
7470
5222
1756
3754
1284
6877
3032
2073
4771
1456
3084
1349
6261
6197
7240
5714
4259
4129
7029
4976
4914
1351
4289
4480
866
5158
2713
2658
2035
3889
1750
6510
5123
3094
1543
6487
2391
3883
1311
1023
6513
571
7363
7191
4535
3472
3148
5221
5257
6448
2534
874
3067
2594
3721
3380
39
5132
2461
5460
6828
4410
2021
3131
6669
5591
6044
6811
5526
2904
6742
6426
2679
5059
7082
7038
4810
5187
6901
192
366
2422
6604
2500
2272
5971
3387
4172
761
1294
3638
3990
1892
4245
3952
3457
1043
2783
1924
1607
6919
2127
4142
5701
2890
2938
2559
1815
6187
916
6658
5525
6766
2393
5081
1697
6375
1816
4160
6109
7142
5689
1990
5383
5197
3865
507
472
3664
2787
4206
178
3034
6533
2940
2439
5747
276
7470
4870
502
2026
186
7293
616
4753
4671
2731
4459
2260
1522
2119
4778
3404
6624
6698
4946
3038
1760
3334
3936
1768
3774
1751
5571
5402
7173
1401
6338
6185
3849
4470
2324
4184
2364
237
7063
3438
2934
7286
837
3729
568
1299
5748
5078
2503
2412
4574
827
4891
7371
2747
6435
4871
2972
3961
2310
487
1024
3734
2825
2092
1306
3958
2352
177
2773
2737
2933
3295
6972
62
1950
997
6421
3615
1892
2954
6929
253
3095
1691
1585
4969
4047
2597
5412
2872
130
6140
912
991
5403
3453
990
5441
5790
5222
4488
5753
3269
34
5819
6917
6942
4621
6427
3429
3079
4660
2070
3390
7500
1063
6147
4460
7408
5415
560
7207
1030
4496
1844
5151
2173
46
6556
7047
555
1204
3641
710
24
792
5278
3922
5525
360
6430
6722
5914
2664
4581
3123
3495
6516
4903
6560
2369
5146
7330
7101
6480
531
5771
4737
6936
4843
3460
1782
2000
3938
7161
6190
6823
4071
4224
3829
6313
1743
5216
4009
3223
5369
6128
3827
2333
1169
5370
5594
330
6968
4557
424
2241
1329
813
7258
6540
6678
4579
5389
2275
1349
652
7263
2837
6729
6452
4626
2218
1911
2745
4794
5875
4538
3301
2612
7063
251
1235
7374
734
6922
5997
281
3374
1084
6266
1709
5877
241
5214
3843
327
5969
887
480
286
3985
5680
4535
449
3610
144
62
5289
5291
5110
4320
5030
6101
2358
6693
6075
6907
329
5013
1736
3599
5094
3568
5391
1085
5586
5855
1902
2442
3314
1377
6935
4418
548
2013
13
4200
7217
7283
3430
3609
2987
6528
5377
666
4773
2330
6890
7180
3654
5692
3482
7286
3936
2295
1068
619
3339
5369
4538
20
4549
6975
3595
7467
2116
3251
6711
3146
4936
2911
5309
1333
787
7049
1544
5504
5682
4548
4267
6359
6994
1126
6563
5168
3100
6339
6944
3614
1036
4065
5074
2564
2382
3280
4127
3427
3870
7174
3143
2026
5447
4884
3985
6162
7286
3929
1265
6780
3462
5094
2337
1421
6292
5358
726
7375
4068
5630
2602
5698
6167
3855
7145
1047
3277
2782
2937
3457
4212
5440
1205
4526
7067
5128
3063
1655
6182
2948
4075
270
5161
7200
780
2703
2416
2664
5017
3647
1993
1584
669
861
1140
6889
6183
3548
7366
6954
4976
2071
6470
4945
4591
1441
1785
7048
1694
7231
1096
2622
1303
6360
3997
3083
2323
3900
1153
56
277
836
701
7100
1822
3951
3286
547
4415
5257
954
6254
3247
7146
3894
5316
1291
675
5263
3037
2080
3167
568
1700
6076
2544
1863
3942
5239
4567
5713
4778
4145
400
5188
1562
2282
5674
4857
2446
3366
3473
1519
2625
1294
2415
2154
6416
1091
4743
4332
4471
1964
5600
3064
6665
819
5926
1822
2464
3348
2619
1727
1812
3556
5908
6623
5840
1320
2597
3029
438
3860
5105
5212
1995
5713
7474
4343
843
5576
3267
1999
4212
2141
6527
4467
1736
4750
5719
609
2817
1017
1829
2250
6371
7242
539
4847
7285
1252
4648
7398
5108
6016
4171
1851
6775
3642
2775
3475
3927
627
2981
2439
6603
6449
3803
5587
1366
6389
746
3631
5654
5660
4331
2756
3903
732
7079
872
4736
7440
5110
2482
4775
1747
4298
4932
861
270
4632
4987
1234
1420
5228
3501
4974
6776
1145
4652
5241
1049
6938
2467
615
5238
3117
3644
2592
6353
5425
4382
1013
5795
3130
222
2994
4769
3723
6618
2133
3832
5216
4236
1065
7431
5957
4206
4141
5555
625
4813
5782
5841
4838
4868
3821
5759
4539
2732
3355
728
84
3735
2924
274
3711
2480
3553
5590
2791
246
2456
3107
2559
1503
4455
2430
3231
4745
5399
766
2679
6645
3145
7174
7096
4757
5379
1276
5808
2761
7343
4776
5172
3458
6258
5380
2718
1039
2974
1517
3959
2826
5178
4924
553
1991
5171
6987
4720
6483
6533
937
6100
640
5220
5752
5971
4729
6880
3893
2495
3894
944
1213
6913
1752
3290
1165
1872
106
5516
4153
4291
2537
2634
4158
1448
823
4717
3466
5203
4456
1809
2641
540
4717
5132
1577
3335
1049
6400
6257
3530
3717
777
2055
1141
5488
5279
725
1257
1309
669
1899
2962
3732
6140
6231
5852
5544
4832
3529
1569
2372
4478
5499
4012
4215
3739
1449
3164
6157
5999
4062
1203
4735
1197
3610
801
209
4969
5205
6814
3698
659
4952
1254
4435
999
4611
5237
6123
7486
3135
317
5110
1777
4681
2886
4393
2135
3962
4049
3661
4222
3552
1162
6878
4294
1487
5946
2633
6587
3797
345
3743
2948
305
2561
3843
6498
3313
4429
4949
7387
5039
2555
3723
7425
5899
4394
435
1646
7009
6686
845
3596
6515
7416
7496
4890
5589
3737
646
3347
3738
7010
2839
5229
4250
4886
2324
907
1901
6617
1833
6975
3795
3999
5433
1626
2916
6627
7445
3836
280
6382
6163
3135
2786
7331
1361
5545
2617
5948
5808
7444
314
5328
7300
5432
2374
839
1417
3982
2984
5848
1509
1425
752
2477
3636
6071
40
6032
448
2999
2760
553
6741
5837
249
1636
3168
1550
1070
3958
851
5060
6857
2179
5864
1720
2062
142
3834
1962
4717
2029
6131
1148
4056
5424
399
1431
4626
4920
4394
1167
2733
3727
5875
3682
2334
4416
2532
3432
1242
6259
7176
1360
2244
2803
7190
7491
2496
7125
5959
71
803
926
278
1786
6150
7385
6462
2364
4578
3960
4152
605
2778
2537
536
138
516
5617
1491
6953
2725
950
2360
5494
5903
3296
2359
6377
2153
5729
5347
18
2993
6663
3447
6719
6275
5015
3735
5013
5843
2177
4513
3812
4773
728
3865
2655
4320
1043
7006
607
4408
741
2650
595
2805
5616
2373
4744
6310
4502
727
7495
3583
6727
2559
4559
2968
4579
5302
2004
2418
4460
193
6022
2392
4154
176
168
3814
7361
958
3125
4475
5452
2963
3783
3470
2580
658
1695
4539
6603
6996
2180
5418
1960
4458
6652
1562
6949
2916
4947
6346
6556
5826
2703
3603
5778
4953
596
7116
2092
151
3470
409
2008
6892
6161
6464
364
3060
4063
707
2300
2727
5233
6886
6567
5907
2081
6688
108
4506
6937
2716
2569
3469
4557
676
673
4854
843
2891
6122
3810
5842
3990
1949
4198
2816
5901
3504
5346
3919
5482
6470
5163
4301
1926
3110
1094
2660
7274
4149
4168
5055
2165
7466
2603
22
175
1021
2709
1797
5349
1190
1082
7174
3793
3922
816
318
6440
7395
709
1067
6326
6100
2717
6015
2522
2512
4125
5442
6543
3773
4675
363
3377
4570
2628
268
460
6114
2516
830
1747
4901
1037
4632
2692
1181
3852
1725
788
5790
2259
3045
4998
5286
7478
5988
1205
6554
4033
208
7019
791
2467
5410
581
5566
368
1702
6691
2351
1951
6799
4890
3215
2666
3118
2855
4094
6585
6577
7199
5804
5531
2626
2556
2734
2703
3820
1053
376
2267
6980
3018
6623
2659
6729
6055
5496
5068
964
820
743
7356
2546
630
2953
2382
270
5751
2634
3464
3399
1974
5409
3481
317
6852
6757
2823
3094
691
4981
5204
1010
3157
4799
4037
2337
5124
5265
893
2427
1602
6911
3749
4895
365
1795
1518
1456
4641
3887
5112
7199
1960
938
1486
4360
2537
5282
942
3878
1790
2226
1637
2785
346
3458
6559
1734
1157
4134
6934
3200
4584
6081
7317
4658
3541
3281
6334
4782
7088
2046
822
6972
4552
2082
2347
731
3559
3340
6332
2724
1571
2332
285
3028
1795
5348
3854
3408
574
7223
2201
627
4612
594
5422
4127
5149
1808
5506
1088
4947
913
3560
3194
2691
1894
6284
5640
660
575
6941
168
296
6377
7288
195
6510
328
5726
2327
5338
3015
626
7286
3328
2396
1595
2082
3227
5136
136
3946
4374
6403
4963
330
7364
6782
3442
5532
6382
6239
6885
731
1281
6299
3706
478
5293
2864
645
4946
5462
849
6064
5987
1671
3044
540
1287
6363
4382
3745
4665
3319
4036
5342
6824
2608
6518
3885
2086
2563
1695
3956
5420
3382
7394
5524
2800
3243
7033
759
6704
1503
925
4791
2278
7379
3706
633
987
3688
4022
4778
2287
6530
3943
6177
5108
5505
4231
101
4715
337
412
4614
4222
1008
5820
3645
6323
4757
1520
4385
7025
4567
1802
3004
1938
4984
155
1422
4416
2383
6894
4101
3589
3052
3366
2621
4098
6182
1408
4499
567
2636
2972
1495
6112
6610
3592
1398
2938
6029
7122
3511
1815
6307
399
4325
3484
815
5279
3626
3789
5173
6692
2
582
3727
1654
6001
1693
5315
5399
4409
7025
4188
4564
3402
1550
5688
1087
7031
7276
2547
1742
6299
5968
1421
6992
2295
5664
500
4071
1637
2807
2832
2973
3191
511
3693
266
6311
7278
6627
6910
7085
4204
6518
2488
5314
7476
1789
4538
3715
4198
4101
2895
7081
858
2656
219
2877
7462
1463
6135
6019
1655
4181
1149
6800
3357
4886
2772
2222
4221
1888
2508
2201
2457
2950
3652
3380
7319
1508
3540
2042
1302
4772
204
1362
1848
3303
2076
1958
596
424
684
6005
4502
6086
4996
1381
1833
1037
7349
1074
2375
914
2120
6854
4868
1100
2073
2420
3490
6984
1046
2528
6420
5443
402
819
5781
7204
2920
344
7020
900
1541
7005
4502
960
1646
4911
3889
177
6785
3880
576
1567
6531
5563
7256
387
1380
929
2384
904
5870
3108
5115
6290
4832
3301
5988
6244
6466
3766
3919
5706
2139
595
6293
6767
6592
2787
2706
2131
3477
5324
1648
4759
7386
2766
5677
7022
7310
6071
6883
6504
2682
6641
5690
6788
1943
327
7282
2857
7287
373
6215
1954
5518
2028
3497
7011
3686
328
6704
6022
1930
1263
4896
6945
2189
328
3918
4015
5207
3682
1351
5063
4516
5907
1679
5708
4799
7091
3462
2523
5819
5741
6563
6050
1828
5227
1221
3249
5139
275
2032
2770
1262
3724
6110
130
1803
5031
6002
3672
5028
3272
4136
3411
261
6107
1850
1119
6068
2456
7310
6271
853
2862
5354
3700
5831
5284
1057
81
6521
2791
5077
5091
2695
3407
5065
1864
453
6082
1187
2597
3837
521
72
3922
7170
2366
206
5385
531
3958
5593
3172
4545
2156
3211
2406
4396
5968
1079
5157
1763
5461
2461
2500
2066
7186
5520
2744
5720
5108
1464
4190
808
7281
477
4517
3350
2231
5987
170
77
305
4063
349
4904
3959
995
1467
1502
4717
3349
6671
5655
3293
3537
6306
4817
603
219
3916
1045
1160
4059
3649
4726
6577
5653
6166
2771
3167
6162
3931
3703
3877
4954
470
3303
6033
7298
6979
3236
140
6409
3365
1344
3713
2895
4617
3502
374
889
2071
5731
5708
6432
2967
3983
5105
4886
5384
2762
65
2940
4424
5019
5725
6988
1750
6972
3560
946
1832
2797
7021
5290
4529
340
4073
2859
7337
283
1886
744
4446
7438
5147
6278
3435
4081
3232
6448
1733
6511
236
6260
3702
7240
5573
5369
5448
6502
4145
6004
5718
2992
3812
6503
7497
5010
6645
5986
1167
6932
1700
4479
6327
7185
5791
1527
5641
5132
2499
93
5323
564
914
3798
3115
693
4317
6785
875
5842
5314
1765
121
1236
139
5546
5153
1080
3624
68
2105
7331
5047
5776
6046
4352
3877
5341
1970
1858
5618
2062
6809
7329
4254
5964
3309
315
4023
6910
2886
7302
2014
5263
3327
4557
6802
1902
926
2637
7125
3134
2946
2469
3329
2299
4981
4177
566
1118
6603
6088
1472
2577
7395
2571
2332
901
4226
651
431
5401
6883
4049
1617
3760
2913
7088
5768
6536
1293
7127
4186
3443
3282
2947
4122
3200
57
2759
1937
2491
3018
1762
2617
3349
3830
5416
7148
6987
5108
5855
5453
5900
3815
2611
1413
7256
757
5074
2680
4399
777
2855
1767
4492
2000
6474
1173
6611
6249
2055
3993
826
3991
4930
281
2568
3412
3349
5621
5337
4491
7191
2169
1035
2677
376
3617
3486
5534
4370
4350
6925
4449
6485
4251
2509
4787
5369
4400
7153
4075
2381
159
2724
6594
3751
1861
2413
1483
4713
4597
7295
208
5534
4836
2414
513
589
364
2918
2712
5438
3765
7035
5425
3040
5940
1460
1624
1560
2395
3426
7100
2415
3783
21
7196
3491
930
1545
3935
1212
837
1944
4392
3864
6380
3135
4913
4857
3712
1254
7060
3351
2581
1632
7369
5905
6060
5543
4292
6585
7419
5519
1939
6690
3131
7286
1463
4029
7232
2610
4705
5410
3529
1099
5969
7276
899
275
4013
5646
640
1930
2643
2791
3627
6603
1992
4322
1257
4190
1365
4090
2908
5003
752
3103
6395
1823
6857
7351
1679
4737
777
5727
4282
1812
663
469
6165
2399
3997
1278
5549
1119
2821
3050
3404
4322
6551
892
603
2070
3218
2331
3467
4935
3745
407
4187
6171
2639
2553
3860
3543
7182
3947
7125
1366
5997
256
3619
7055
6594
3439
262
2725
5252
5528
7085
3645
3852
4077
3088
4084
4519
4175
2375
4855
6672
5717
7040
5603
4865
3341
4534
6125
4498
209
6010
4780
1288
3057
5875
775
1582
7172
1526
3390
6891
6236
6014
2414
2246
5698
5124
367
6735
7096
1582
787
834
2005
410
625
6388
3029
3129
1067
6351
514
7312
2307
2652
7400
4220
4077
4286
5879
1005
7486
3991
3292
208
2453
5631
3434
546
3792
3131
3178
4210
241
3079
603
4677
6979
6858
4542
250
3437
6911
1723
7325
6936
3000
6426
6110
3962
3076
6322
2789
4624
7100
4426
5856
2073
5952
826
3111
4962
1265
1616
7052
7210
3300
3704
138
3142
5223
5413
5170
2287
3397
6554
7268
1888
2042
2882
5177
6416
4370
6124
889
7145
3563
4476
2817
3568
5702
7271
1498
2216
497
6212
575
7172
1939
4358
2016
5323
7226
5285
5836
5653
3575
1084
5781
619
6283
1627
3721
6409
2632
1264
1737
5129
2523
390
2123
5717
2919
528
4308
1629
6979
378
6416
4589
2484
1476
454
7468
2909
5911
6365
3057
3258
7254
6424
1821
6526
2127
5217
2894
2875
1084
1688
3885
4919
6225
979
3783
6188
1716
2562
2007
3663
7137
2384
409
3971
7328
5518
3754
4109
3652
4548
3003
1304
359
2681
4419
369
5960
6809
6312
5657
5782
2017
1462
3488
646
5260
4513
4644
309
7204
2395
2797
6620
4961
7062
980
2543
2193
3597
6961
4479
6846
2981
7121
6557
457
71
7211
1810
6815
1085
7083
6418
1423
3639
5262
1930
7014
3639
5465
6646
4102
2068
925
3568
1799
3463
6142
3610
2891
1643
6896
1473
5892
4466
3159
5363
3079
3173
743
2973
4724
5621
6306
7410
3526
1431
1572
463
6961
878
3877
6921
6542
537
1390
4830
4225
2513
5131
2877
2441
275
6144
4824
2994
5415
4921
4652
3796
5853
6456
2355
1197
4811
5524
4035
1868
1088
5545
3737
6993
7429
5655
689
2735
5048
6830
4366
2234
6095
1670
6051
597
2110
6228
4330
627
271
951
3160
779
472
4137
2468
5567
2533
2483
4931
2412
1594
7103
6358
2671
978
4618
866
812
581
4179
5744
1997
5078
2529
2199
2032
2498
471
6900
2441
2462
5345
5480
4620
2128
2870
437
5838
6647
5476
2094
1045
2167
2968
5039
5733
695
5134
3725
6327
2350
2171
7143
3352
1815
2524
1248
1345
4525
3993
6553
5758
6899
5242
7066
834
3653
3535
2994
6187
6498
3344
880
6073
2259
4157
6102
6584
7232
7115
3898
7256
3304
1336
1350
7314
2643
7018
3982
5552
4010
1209
6915
1570
4977
5830
1731
2358
5613
6311
3981
4464
2915
2972
5005
726
1557
5984
2979
4304
2728
6024
1879
3995
4125
1497
5762
1066
2883
1920
2047
4095
4507
5833
6224
4542
7078
342
4147
4549
1306
3171
6851
7187
712
6795
1542
3155
7482
3061
6212
6644
3305
368
4020
1864
5731
1780
2385
2965
1843
6189
446
6335
2305
872
4824
512
5065
62
4846
187
6769
387
2163
7050
1188
5292
5926
6434
5190
4296
5951
27
6571
6701
31
3604
1774
603
5335
2539
2812
4327
2544
4057
1428
6135
5173
6487
2288
4315
219
1976
770
3527
5088
5416
2125
6990
1950
1057
2572
2894
1956
2046
6616
7125
484
1878
1139
3183
836
5488
5565
6386
2564
1466
6131
3224
4334
3148
6080
477
16
5038
7312
2457
2906
4822
5290
964
1767
4941
251
6356
3598
1469
1515
1787
6808
1772
5449
6534
7224
3684
6361
2962
587
191
5906
3039
1482
2349
5258
1471
4846
1920
5633
1337
5
1475
1434
1836
889
3425
6586
6481
7354
3234
830
1385
3793
5790
1555
6966
7441
5171
5445
2701
2557
6781
5480
779
5400
2112
126
764
6179
5089
5205
3629
2885
255
294
4771
687
1769
170
1865
4314
5951
3103
4658
4588
6363
6550
86
1542
4164
7042
2293
5273
2707
2313
5937
4482
1634
2469
2371
1344
1935
734
4586
5153
7215
589
486
892
2657
4832
5400
2674
1902
3365
5897
5701
840
255
3299
6688
3551
4366
1478
3896
4364
1600
4803
4229
1284
5558
5857
1028
7268
2161
6261
2526
7077
5023
5242
7095
6192
7132
6776
5242
7041
627
2437
2000
6495
230
3306
4651
7392
2114
3039
6947
3065
1269
5466
4753
2601
6649
6328
6779
3323
4662
2505
331
736
5286
847
745
2401
1367
2478
1934
994
5388
2161
1710
520
1766
1104
1812
5918
1467
5308
6304
2549
6984
310
776
796
6981
1943
3503
7254
3646
1463
6003
5260
4551
2157
6651
1231
4568
3290
7277
2059
2128
998
3920
2533
390
4489
6663
5532
89
2165
7207
3975
2143
3517
4128
7255
4278
1403
4466
3639
2256
3079
6588
1388
2475
4574
2981
2554
3999
4293
403
7206
1815
5425
6074
7071
6863
5552
7302
6309
7132
5536
5753
5923
378
6065
6248
4531
249
1459
6293
4476
3872
6592
6241
1032
2701
6547
3763
3660
2161
7362
60
7075
4399
2465
3977
6094
2180
3181
1440
1996
5728
391
3899
4397
555
5730
686
6353
585
1907
3970
4187
4605
3040
3725
2274
5354
2072
6384
6763
1786
6171
4601
981
6315
4689
6795
3983
5073
3062
3895
2512
5497
4752
1963
320
1777
7082
5600
5120
7466
5591
5840
2113
804
5256
7415
4368
7045
3192
6591
4000
5843
1191
6987
4408
481
5213
7050
2543
4504
2678
1596
3947
5041
2185
6120
7041
3377
6493
3759
1902
4551
3402
3607
2520
4048
2872
5292
241
870
2496
5989
7427
2535
7190
2294
4014
6303
201
3125
999
4672
6308
6079
3565
6948
1802
5906
5326
4926
7127
2539
6444
1987
4277
2333
7093
3655
7315
2449
6493
6408
3122
4543
4024
2798
731
2701
2627
2167
3864
6765
3499
2510
2526
992
7299
2789
763
4217
3366
6228
3947
3928
7160
6404
5200
5442
7441
4174
6810
6087
3393
2222
3752
579
692
2804
2676
1
4248
447
3460
5569
4110
2687
1708
2090
7257
3120
6776
2305
6774
7320
6213
4521
1136
5917
6202
7214
94
2889
3877
3018
2384
862
6117
5780
1754
6458
3183
3095
6551
2498
4294
500
1825
2602
6021
4740
4215
7483
594
7285
3583
977
7481
3024
1633
124
2861
291
1505
4820
335
4662
1079
3859
7495
189
1455
2900
6707
493
879
6163
7217
5879
556
7394
1934
6416
125
4400
3518
2131
1750
2705
605
252
578
109
1302
5673
3047
220
4799
2048
5765
1731
709
7210
6463
4006
2000
5313
2249
5767
1126
4385
1639
7431
5209
6703
5608
1382
2396
5673
6652
5746
235
6629
6077
5941
3198
5219
1016
2077
2681
3315
1399
3979
4130
3604
5866
6882
7111
2786
4350
7120
468
7058
3829
819
907
7294
2458
2423
2121
5105
6089
3575
5319
4688
4902
6670
5766
1649
4129
1113
1190
3712
4112
1588
1676
1992
1174
1373
1884
2748
2042
5016
234
796
3306
898
3385
4493
3640
500
3135
977
282
4903
6600
1572
0
2833
1772
3541
3526
3284
6833
597
1205
4529
2812
5856
6320
56
2963
2149
6357
5733
5964
858
1170
6240
3798
4212
793
75
1427
7199
1875
3675
1618
6535
2989
6452
2028
2834
2769
7280
2910
936
3651
4256
5049
2036
2658
743
3787
44
6999
4536
3743
5861
3444
653
96
6972
1725
2095
3531
6043
5934
1570
2212
936
4158
3531
5394
4824
2841
4528
2022
6307
1096
3708
1447
5731
6465
1481
4592
5101
2343
670
5204
5283
6071
5681
4528
406
419
3991
4029
636
4945
501
4518
5749
2470
6560
6276
5668
2146
1686
1065
5395
6858
2308
3109
501
1439
549
4911
5595
6938
4869
2526
1959
2418
5600
6138
4253
7027
7179
551
7468
3818
2617
3965
6551
5559
2013
2126
7382
4013
5650
3733
3996
5425
3464
1689
5763
6199
3963
3575
6911
6502
1848
5936
4586
5772
7421
767
2864
2874
2057
1271
3886
4883
2799
2782
6035
7229
2850
945
2841
1689
1045
5515
2513
4957
7069
6886
1795
6788
2973
6209
1543
2929
2808
6208
5218
4344
3388
6055
5198
457
5512
2412
3098
393
3663
2495
1499
2458
3511
6280
5780
845
2737
1199
3462
7290
1996
1445
4735
1669
4061
2737
6597
6780
433
4660
1769
6265
984
1437
7324
5946
910
3244
1671
2523
561
3926
7351
2396
2424
2224
5794
4575
3320
7369
3966
426
3609
1160
6579
1729
6447
4882
3783
7291
6394
5661
5515
2089
420
3145
7420
4180
5605
6083
2031
5870
4079
7194
2610
4364
2002
5917
5835
5893
3128
2404
3257
3542
1252
2370
5183
273
2083
1158
6927
2370
6344
1625
3586
2291
2147
4208
5773
3672
3434
1291
4963
2451
2535
4214
5902
6854
1139
47
7217
2735
2726
1483
2677
6988
3255
4462
4261
3033
5655
1882
1959
6094
4920
3011
3978
7269
6847
4453
4780
6608
4720
4780
2113
4208
6985
1200
465
2032
2717
348
2111
5459
2913
4080
5679
2283
6930
2368
5889
5659
2085
1664
6920
3716
3246
829
5540
7341
437
3002
1447
1342
1266
5506
5984
5502
6216
3662
1644
5735
6098
3102
3551
6846
4726
1467
2822
4621
6077
1571
3001
1223
6528
1913
4462
4158
6428
4132
5485
5249
6570
5775
2391
7404
3865
2973
4941
5617
4251
1405
4396
4971
7134
136
425
4598
1931
6712
1778
363
5978
3096
1889
2722
4375
3332
1845
2513
1056
2522
6883
1156
4130
2988
1335
493
4792
7231
705
1260
5347
6033
5784
2919
5657
1325
2485
1338
3534
2179
4826
7048
900
3518
7207
5572
3750
5925
938
2550
208
3647
3664
147
2240
6657
1615
2482
304
1378
860
1558
6497
5946
4983
3935
5484
4591
2841
4613
3770
7032
1355
5883
4095
2458
6967
2612
5512
1489
5721
1706
5943
3203
3118
4728
2753
5589
1174
6413
5646
1559
3848
5561
4925
3842
3277
6041
6918
3403
462
4389
4613
2228
5363
1747
2797
2583
2539
6602
3253
3621
7280
6092
1805
7431
3394
7329
259
2894
65
6504
2545
4464
6470
2241
5592
1714
4058
932
6746
1776
176
3057
769
5524
2959
692
3228
2109
1156
5225
5802
2713
6315
489
5322
3120
999
5298
4581
975
450
5641
6715
2332
3885
490
6194
853
5329
3979
5738
6772
5170
428
2179
3971
4858
2442
591
2297
906
6086
7220
3454
5632
851
508
2607
5801
909
3278
1534
6602
384
350
5448
4615
6624
4659
1848
7201
1720
1149
6001
1993
1234
4017
6421
1389
392
1576
7455
5741
6710
1803
2330
2647
1805
5361
6273
3527
1357
6642
5567
2402
3464
7134
4644
537
1881
6650
4583
4396
4368
1719
5119
5551
132
1694
6018
7487
4109
1856
2439
2968
2045
6583
2624
4386
6648
4361
2549
764
3756
2699
5871
3840
6284
2230
1298
4392
2419
3065
739
1244
805
5173
5328
6610
4199
5853
2707
2696
1832
1088
5151
756
6963
1324
6918
4984
4850
976
5411
2457
2646
2211
2036
6516
1420
2290
7337
4776
6819
37
3795
4185
3588
5718
3380
1794
2933
4873
3227
6173
5474
2914
6541
5632
3753
3525
2086
686
2052
2656
1882
4411
4986
1173
451
640
5119
5446
232
3648
3585
3932
4025
6768
3944
1547
6570
1090
5755
2366
6115
1680
5615
7461
603
7485
2131
921
4303
4846
5068
5835
4533
791
157
3314
6802
1030
4798
6317
5504
1324
1141
6352
6003
4652
1772
2338
2741
5341
4507
2179
